 Incident particle is a   Muon with M =   105.65839 MeV
 Index =   13:  aluminum (Al)
     Absorber with Z =  13,  A = 26.9815385(7), density = 2.699
 Sternheimer coef:  a     k=m_s   x_0    x_1    I[eV]   Cbar  delta0
                 0.0802  3.6345  0.1708  3.0127  166.0  4.2395 0.12
 (Restricted energy loss for Tcut = 0.05 MeV
 Table written with (1X, 1P9E10.3,0PF8.4,f8.5,1pE10.3)          post-Born included in pair prod
 *** Results below 10 MeV are not dependable *** Ignore 1.0 MeV entries ***
      T         p     Ionization  brems     pair     photonuc  Radloss    dE/dx   CSDA Range  delta   beta   dE/dx_R
    [MeV]    [MeV/c]  -----------------------[MeV cm^2/g]------------------------  [g/cm^2]                [MeV cm^2/g]
  1.000E+00 1.457E+01 2.540E+00 0.000E+00 0.000E+00 4.688E-05 4.688E-05 5.080E+00 2.569E-03  0.0010 0.13661 3.679E+01
  1.200E+00 1.597E+01 3.200E+01 0.000E+00 0.000E+00 4.696E-05 4.696E-05 3.200E+01 8.415E-03  0.0012 0.14944 3.200E+01
  1.400E+00 1.726E+01 2.842E+01 0.000E+00 0.000E+00 4.705E-05 4.705E-05 2.842E+01 1.506E-02  0.0015 0.16119 2.842E+01
  1.700E+00 1.903E+01 2.445E+01 0.000E+00 0.000E+00 4.718E-05 4.718E-05 2.445E+01 2.648E-02  0.0018 0.17725 2.445E+01
  2.000E+00 2.066E+01 2.154E+01 0.000E+00 0.000E+00 4.732E-05 4.732E-05 2.154E+01 3.958E-02  0.0021 0.19186 2.154E+01
  2.500E+00 2.312E+01 1.809E+01 0.000E+00 0.000E+00 4.754E-05 4.754E-05 1.809E+01 6.502E-02  0.0026 0.21376 1.809E+01
  3.000E+00 2.536E+01 1.568E+01 0.000E+00 0.000E+00 4.776E-05 4.776E-05 1.568E+01 9.480E-02  0.0031 0.23336 1.548E+01
  3.500E+00 2.742E+01 1.389E+01 0.000E+00 0.000E+00 4.798E-05 4.798E-05 1.389E+01 1.288E-01  0.0037 0.25120 1.355E+01
  4.000E+00 2.935E+01 1.251E+01 0.000E+00 0.000E+00 4.819E-05 4.819E-05 1.251E+01 1.668E-01  0.0042 0.26763 1.207E+01
  4.500E+00 3.116E+01 1.141E+01 0.000E+00 0.000E+00 4.841E-05 4.841E-05 1.141E+01 2.087E-01  0.0048 0.28290 1.091E+01
  5.000E+00 3.289E+01 1.051E+01 0.000E+00 0.000E+00 4.863E-05 4.863E-05 1.051E+01 2.544E-01  0.0053 0.29720 9.977E+00
  5.500E+00 3.453E+01 9.754E+00 0.000E+00 0.000E+00 4.885E-05 4.885E-05 9.754E+00 3.038E-01  0.0058 0.31066 9.203E+00
  6.000E+00 3.611E+01 9.118E+00 0.000E+00 0.000E+00 4.907E-05 4.907E-05 9.118E+00 3.569E-01  0.0064 0.32339 8.553E+00
  7.000E+00 3.909E+01 8.098E+00 0.000E+00 0.000E+00 4.951E-05 4.951E-05 8.098E+00 4.735E-01  0.0075 0.34700 7.520E+00
  8.000E+00 4.189E+01 7.315E+00 0.000E+00 0.000E+00 4.995E-05 4.995E-05 7.315E+00 6.036E-01  0.0086 0.36854 6.736E+00
  9.000E+00 4.453E+01 6.693E+00 0.000E+00 0.000E+00 5.039E-05 5.039E-05 6.693E+00 7.467E-01  0.0097 0.38836 6.119E+00
  1.000E+01 4.704E+01 6.188E+00 0.000E+00 0.000E+00 5.083E-05 5.083E-05 6.188E+00 9.023E-01  0.0108 0.40675 5.622E+00
  1.200E+01 5.177E+01 5.414E+00 0.000E+00 0.000E+00 5.171E-05 5.171E-05 5.414E+00 1.249E+00  0.0131 0.43998 4.869E+00
  1.400E+01 5.616E+01 4.849E+00 0.000E+00 0.000E+00 5.259E-05 5.259E-05 4.849E+00 1.640E+00  0.0154 0.46937 4.324E+00
  1.700E+01 6.230E+01 4.238E+00 0.000E+00 0.000E+00 5.391E-05 5.391E-05 4.238E+00 2.304E+00  0.0190 0.50792 3.742E+00
  2.000E+01 6.802E+01 3.802E+00 0.000E+00 0.000E+00 5.523E-05 5.523E-05 3.802E+00 3.053E+00  0.0226 0.54129 3.330E+00
  2.500E+01 7.686E+01 3.300E+00 0.000E+00 0.000E+00 5.742E-05 5.742E-05 3.300E+00 4.471E+00  0.0289 0.58827 2.860E+00
  3.000E+01 8.509E+01 2.960E+00 0.000E+00 0.000E+00 5.962E-05 5.962E-05 2.961E+00 6.075E+00  0.0354 0.62720 2.545E+00
  3.500E+01 9.285E+01 2.717E+00 0.000E+00 0.000E+00 6.182E-05 6.182E-05 2.717E+00 7.841E+00  0.0422 0.66011 2.320E+00
  4.000E+01 1.003E+02 2.533E+00 0.000E+00 0.000E+00 6.402E-05 6.402E-05 2.533E+00 9.750E+00  0.0492 0.68834 2.151E+00
  4.500E+01 1.074E+02 2.391E+00 0.000E+00 0.000E+00 6.621E-05 6.621E-05 2.391E+00 1.178E+01  0.0565 0.71286 2.019E+00
  5.000E+01 1.143E+02 2.278E+00 2.367E-07 0.000E+00 6.841E-05 6.865E-05 2.278E+00 1.393E+01  0.0640 0.73434 1.915E+00
  5.500E+01 1.210E+02 2.186E+00 1.164E-06 0.000E+00 7.061E-05 7.177E-05 2.186E+00 1.617E+01  0.0717 0.75332 1.830E+00
  6.000E+01 1.276E+02 2.110E+00 2.119E-06 0.000E+00 7.281E-05 7.493E-05 2.110E+00 1.850E+01  0.0797 0.77019 1.760E+00
  7.000E+01 1.403E+02 1.993E+00 4.112E-06 0.000E+00 7.720E-05 8.131E-05 1.993E+00 2.338E+01  0.0964 0.79887 1.651E+00
  8.000E+01 1.527E+02 1.908E+00 6.207E-06 0.000E+00 8.160E-05 8.780E-05 1.908E+00 2.851E+01  0.1141 0.82227 1.571E+00
  9.000E+01 1.647E+02 1.845E+00 8.399E-06 0.000E+00 8.599E-05 9.439E-05 1.845E+00 3.385E+01  0.1219 0.84166 1.512E+00
  1.000E+02 1.764E+02 1.797E+00 1.068E-05 0.000E+00 9.039E-05 1.011E-04 1.798E+00 3.934E+01  0.1276 0.85794 1.465E+00
  1.200E+02 1.994E+02 1.731E+00 1.552E-05 0.000E+00 9.918E-05 1.147E-04 1.731E+00 5.070E+01  0.1467 0.88361 1.399E+00
  1.400E+02 2.218E+02 1.688E+00 2.067E-05 0.000E+00 1.080E-04 1.286E-04 1.688E+00 6.241E+01  0.1725 0.90278 1.354E+00
  1.700E+02 2.546E+02 1.650E+00 2.894E-05 0.000E+00 1.212E-04 1.501E-04 1.650E+00 8.041E+01  0.2183 0.92363 1.310E+00
  2.000E+02 2.868E+02 1.629E+00 3.781E-05 0.000E+00 1.343E-04 1.721E-04 1.630E+00 9.871E+01  0.2686 0.93835 1.283E+00
  2.500E+02 3.396E+02 1.616E+00 5.375E-05 0.000E+00 1.563E-04 2.101E-04 1.616E+00 1.296E+02  0.3564 0.95485 1.257E+00
  2.775E+02 3.683E+02 1.615E+00 7.097E-05 0.000E+00 1.783E-04 2.493E-04 1.616E+00  Minimum ionization
  3.000E+02 3.917E+02 1.616E+00 7.097E-05 0.000E+00 1.783E-04 2.493E-04 1.616E+00 1.605E+02  0.4450 0.96548 1.244E+00
  3.500E+02 4.432E+02 1.621E+00 8.930E-05 0.000E+00 2.003E-04 2.896E-04 1.621E+00 1.914E+02  0.5322 0.97274 1.237E+00
  4.000E+02 4.945E+02 1.630E+00 1.086E-04 0.000E+00 2.222E-04 3.309E-04 1.630E+00 2.222E+02  0.6171 0.97793 1.233E+00
  4.500E+02 5.455E+02 1.639E+00 1.289E-04 0.000E+00 2.442E-04 3.731E-04 1.640E+00 2.527E+02  0.6991 0.98176 1.232E+00
  5.000E+02 5.964E+02 1.650E+00 1.499E-04 0.000E+00 2.662E-04 4.161E-04 1.650E+00 2.831E+02  0.7783 0.98467 1.232E+00
  5.500E+02 6.471E+02 1.660E+00 1.717E-04 0.000E+00 2.882E-04 4.599E-04 1.661E+00 3.133E+02  0.8547 0.98693 1.232E+00
  6.000E+02 6.977E+02 1.671E+00 1.942E-04 0.000E+00 3.101E-04 5.043E-04 1.671E+00 3.434E+02  0.9283 0.98873 1.234E+00
  7.000E+02 7.987E+02 1.691E+00 2.410E-04 0.000E+00 3.541E-04 5.951E-04 1.692E+00 4.028E+02  1.0679 0.99136 1.236E+00
  8.000E+02 8.995E+02 1.710E+00 2.901E-04 0.000E+00 3.980E-04 6.882E-04 1.711E+00 4.616E+02  1.1981 0.99317 1.240E+00
  9.000E+02 1.000E+03 1.728E+00 3.412E-04 0.000E+00 4.420E-04 7.832E-04 1.728E+00 5.197E+02  1.3201 0.99447 1.243E+00
  1.000E+03 1.101E+03 1.744E+00 3.942E-04 1.631E-05 4.859E-04 8.964E-04 1.745E+00 5.773E+02  1.4347 0.99542 1.246E+00
  1.200E+03 1.301E+03 1.772E+00 5.048E-04 9.282E-05 5.738E-04 1.171E-03 1.774E+00 6.910E+02  1.6451 0.99672 1.252E+00
  1.400E+03 1.502E+03 1.797E+00 6.209E-04 1.798E-04 6.617E-04 1.462E-03 1.799E+00 8.029E+02  1.8345 0.99753 1.257E+00
  1.700E+03 1.803E+03 1.829E+00 8.040E-04 3.268E-04 7.936E-04 1.924E-03 1.831E+00 9.682E+02  2.0874 0.99829 1.264E+00
  2.000E+03 2.103E+03 1.855E+00 9.962E-04 4.907E-04 9.287E-04 2.416E-03 1.858E+00 1.131E+03  2.3108 0.99874 1.269E+00
  2.500E+03 2.604E+03 1.891E+00 1.333E-03 7.954E-04 1.166E-03 3.295E-03 1.895E+00 1.397E+03  2.6337 0.99918 1.275E+00
  3.000E+03 3.104E+03 1.920E+00 1.688E-03 1.133E-03 1.406E-03 4.227E-03 1.925E+00 1.659E+03  2.9106 0.99942 1.280E+00
  3.500E+03 3.604E+03 1.945E+00 2.057E-03 1.497E-03 1.649E-03 5.203E-03 1.950E+00 1.917E+03  3.1532 0.99957 1.284E+00
  4.000E+03 4.104E+03 1.965E+00 2.439E-03 1.886E-03 1.894E-03 6.218E-03 1.971E+00 2.172E+03  3.3691 0.99967 1.287E+00
  4.500E+03 4.604E+03 1.983E+00 2.832E-03 2.295E-03 2.140E-03 7.267E-03 1.990E+00 2.425E+03  3.5639 0.99974 1.289E+00
  5.000E+03 5.105E+03 1.999E+00 3.236E-03 2.725E-03 2.384E-03 8.344E-03 2.007E+00 2.675E+03  3.7412 0.99979 1.291E+00
  5.500E+03 5.605E+03 2.013E+00 3.655E-03 3.181E-03 2.608E-03 9.444E-03 2.022E+00 2.923E+03  3.9041 0.99982 1.293E+00
  6.000E+03 6.105E+03 2.026E+00 4.083E-03 3.654E-03 2.831E-03 1.057E-02 2.036E+00 3.169E+03  4.0548 0.99985 1.294E+00
  7.000E+03 7.105E+03 2.048E+00 4.962E-03 4.643E-03 3.277E-03 1.288E-02 2.061E+00 3.657E+03  4.3259 0.99989 1.297E+00
  8.000E+03 8.105E+03 2.067E+00 5.868E-03 5.684E-03 3.719E-03 1.527E-02 2.082E+00 4.140E+03  4.5648 0.99992 1.298E+00
  9.000E+03 9.105E+03 2.083E+00 6.799E-03 6.769E-03 4.160E-03 1.773E-02 2.101E+00 4.618E+03  4.7784 0.99993 1.300E+00
  1.000E+04 1.011E+04 2.097E+00 7.751E-03 7.896E-03 4.597E-03 2.024E-02 2.117E+00 5.092E+03  4.9717 0.99995 1.301E+00
  1.200E+04 1.211E+04 2.121E+00 9.728E-03 1.031E-02 5.446E-03 2.548E-02 2.147E+00 6.030E+03  5.3104 0.99996 1.302E+00
  1.400E+04 1.411E+04 2.141E+00 1.177E-02 1.284E-02 6.286E-03 3.090E-02 2.172E+00 6.956E+03  5.6006 0.99997 1.304E+00
  1.700E+04 1.711E+04 2.166E+00 1.494E-02 1.685E-02 7.532E-03 3.933E-02 2.205E+00 8.327E+03  5.9706 0.99998 1.305E+00
  2.000E+04 2.011E+04 2.185E+00 1.822E-02 2.107E-02 8.764E-03 4.805E-02 2.233E+00 9.678E+03  6.2835 0.99999 1.305E+00
  2.500E+04 2.511E+04 2.212E+00 2.389E-02 2.863E-02 1.081E-02 6.333E-02 2.275E+00 1.190E+04  6.7173 0.99999 1.306E+00
  3.000E+04 3.011E+04 2.233E+00 2.977E-02 3.660E-02 1.284E-02 7.921E-02 2.312E+00 1.408E+04  7.0746 0.99999 1.307E+00
  3.500E+04 3.511E+04 2.250E+00 3.581E-02 4.492E-02 1.485E-02 9.558E-02 2.345E+00 1.622E+04  7.3784 1.00000 1.307E+00
  4.000E+04 4.011E+04 2.265E+00 4.200E-02 5.354E-02 1.684E-02 1.124E-01 2.377E+00 1.834E+04  7.6425 1.00000 1.307E+00
  4.500E+04 4.511E+04 2.277E+00 4.832E-02 6.242E-02 1.882E-02 1.296E-01 2.407E+00 2.043E+04  7.8760 1.00000 1.307E+00
  5.000E+04 5.011E+04 2.289E+00 5.476E-02 7.153E-02 2.078E-02 1.471E-01 2.436E+00 2.250E+04  8.0854 1.00000 1.307E+00
  5.500E+04 5.511E+04 2.299E+00 6.125E-02 8.067E-02 2.278E-02 1.647E-01 2.463E+00 2.454E+04  8.2750 1.00000 1.307E+00
  6.000E+04 6.011E+04 2.308E+00 6.784E-02 8.999E-02 2.477E-02 1.826E-01 2.490E+00 2.656E+04  8.4484 1.00000 1.307E+00
  7.000E+04 7.011E+04 2.324E+00 8.126E-02 1.091E-01 2.873E-02 2.191E-01 2.543E+00 3.053E+04  8.7558 1.00000 1.307E+00
  8.000E+04 8.011E+04 2.338E+00 9.495E-02 1.287E-01 3.267E-02 2.564E-01 2.594E+00 3.442E+04  9.0223 1.00000 1.307E+00
  9.000E+04 9.011E+04 2.350E+00 1.089E-01 1.489E-01 3.659E-02 2.944E-01 2.644E+00 3.824E+04  9.2576 1.00000 1.307E+00
  1.000E+05 1.001E+05 2.360E+00 1.231E-01 1.694E-01 4.049E-02 3.330E-01 2.693E+00 4.199E+04  9.4680 1.00000 1.307E+00
  1.200E+05 1.201E+05 2.379E+00 1.517E-01 2.106E-01 4.842E-02 4.107E-01 2.789E+00 4.928E+04  9.8323 1.00000 1.307E+00
  1.400E+05 1.401E+05 2.394E+00 1.810E-01 2.529E-01 5.632E-02 4.902E-01 2.884E+00 5.634E+04 10.1404 1.00000 1.307E+00
  1.700E+05 1.701E+05 2.413E+00 2.259E-01 3.181E-01 6.813E-02 6.122E-01 3.025E+00 6.649E+04 10.5284 1.00000 1.307E+00
  2.000E+05 2.001E+05 2.429E+00 2.718E-01 3.851E-01 7.990E-02 7.369E-01 3.166E+00 7.618E+04 10.8533 1.00000 1.307E+00
  2.500E+05 2.501E+05 2.451E+00 3.488E-01 4.964E-01 9.984E-02 9.450E-01 3.396E+00 9.143E+04 11.2994 1.00000 1.307E+00
  3.000E+05 3.001E+05 2.469E+00 4.275E-01 6.104E-01 1.198E-01 1.158E+00 3.627E+00 1.057E+05 11.6639 1.00000 1.307E+00
  3.500E+05 3.501E+05 2.484E+00 5.075E-01 7.266E-01 1.397E-01 1.374E+00 3.858E+00 1.190E+05 11.9721 1.00000 1.307E+00
  4.000E+05 4.001E+05 2.498E+00 5.886E-01 8.447E-01 1.596E-01 1.593E+00 4.091E+00 1.316E+05 12.2390 1.00000 1.307E+00
  4.500E+05 4.501E+05 2.509E+00 6.708E-01 9.646E-01 1.795E-01 1.815E+00 4.324E+00 1.435E+05 12.4746 1.00000 1.307E+00
  5.000E+05 5.001E+05 2.520E+00 7.539E-01 1.086E+00 1.994E-01 2.039E+00 4.559E+00 1.548E+05 12.6852 1.00000 1.307E+00
  5.500E+05 5.501E+05 2.529E+00 8.364E-01 1.205E+00 2.199E-01 2.261E+00 4.791E+00 1.655E+05 12.8758 1.00000 1.307E+00
  6.000E+05 6.001E+05 2.538E+00 9.196E-01 1.325E+00 2.403E-01 2.485E+00 5.023E+00 1.757E+05 13.0498 1.00000 1.307E+00
  6.123E+05 6.124E+05 2.540E+00 9.401E-01 1.355E+00 2.454E-01 2.540E+00 5.080E+00  Muon critical energy
  7.000E+05 7.001E+05 2.553E+00 1.088E+00 1.568E+00 2.814E-01 2.937E+00 5.490E+00 1.947E+05 13.3581 1.00000 1.307E+00
  8.000E+05 8.001E+05 2.567E+00 1.257E+00 1.814E+00 3.226E-01 3.394E+00 5.960E+00 2.122E+05 13.6251 1.00000 1.307E+00
  9.000E+05 9.001E+05 2.578E+00 1.429E+00 2.062E+00 3.639E-01 3.855E+00 6.433E+00 2.283E+05 13.8606 1.00000 1.307E+00
  1.000E+06 1.000E+06 2.589E+00 1.602E+00 2.312E+00 4.053E-01 4.320E+00 6.909E+00 2.433E+05 14.0713 1.00000 1.307E+00
  1.200E+06 1.200E+06 2.607E+00 1.947E+00 2.806E+00 4.898E-01 5.242E+00 7.850E+00 2.705E+05 14.4359 1.00000 1.307E+00
  1.400E+06 1.400E+06 2.623E+00 2.295E+00 3.304E+00 5.747E-01 6.174E+00 8.797E+00 2.945E+05 14.7442 1.00000 1.307E+00
  1.700E+06 1.700E+06 2.643E+00 2.823E+00 4.060E+00 7.029E-01 7.586E+00 1.023E+01 3.261E+05 15.1325 1.00000 1.307E+00
  2.000E+06 2.000E+06 2.660E+00 3.358E+00 4.823E+00 8.318E-01 9.012E+00 1.167E+01 3.535E+05 15.4575 1.00000 1.307E+00
  2.500E+06 2.500E+06 2.683E+00 4.242E+00 6.080E+00 1.052E+00 1.137E+01 1.406E+01 3.925E+05 15.9038 1.00000 1.307E+00
  3.000E+06 3.000E+06 2.702E+00 5.136E+00 7.347E+00 1.274E+00 1.376E+01 1.646E+01 4.254E+05 16.2684 1.00000 1.307E+00
  3.500E+06 3.500E+06 2.718E+00 6.036E+00 8.621E+00 1.498E+00 1.615E+01 1.887E+01 4.537E+05 16.5767 1.00000 1.307E+00
  4.000E+06 4.000E+06 2.732E+00 6.941E+00 9.902E+00 1.723E+00 1.857E+01 2.130E+01 4.786E+05 16.8437 1.00000 1.307E+00
  4.500E+06 4.500E+06 2.745E+00 7.852E+00 1.119E+01 1.950E+00 2.099E+01 2.374E+01 5.009E+05 17.0793 1.00000 1.307E+00
  5.000E+06 5.000E+06 2.756E+00 8.768E+00 1.248E+01 2.178E+00 2.343E+01 2.618E+01 5.209E+05 17.2900 1.00000 1.307E+00
  5.500E+06 5.500E+06 2.766E+00 9.674E+00 1.376E+01 2.410E+00 2.584E+01 2.861E+01 5.392E+05 17.4806 1.00000 1.307E+00
  6.000E+06 6.000E+06 2.776E+00 1.058E+01 1.504E+01 2.644E+00 2.827E+01 3.104E+01 5.560E+05 17.6547 1.00000 1.307E+00
  7.000E+06 7.000E+06 2.793E+00 1.241E+01 1.761E+01 3.115E+00 3.313E+01 3.592E+01 5.859E+05 17.9629 1.00000 1.307E+00
  8.000E+06 8.000E+06 2.807E+00 1.424E+01 2.019E+01 3.590E+00 3.802E+01 4.082E+01 6.120E+05 18.2300 1.00000 1.307E+00
  9.000E+06 9.000E+06 2.820E+00 1.608E+01 2.277E+01 4.069E+00 4.292E+01 4.574E+01 6.351E+05 18.4656 1.00000 1.307E+00
  1.000E+07 1.000E+07 2.832E+00 1.792E+01 2.536E+01 4.551E+00 4.784E+01 5.067E+01 6.559E+05 18.6763 1.00000 1.307E+00
  1.200E+07 1.200E+07 2.852E+00 2.159E+01 3.051E+01 5.534E+00 5.764E+01 6.050E+01 6.919E+05 19.0409 1.00000 1.307E+00
  1.400E+07 1.400E+07 2.869E+00 2.528E+01 3.568E+01 6.528E+00 6.749E+01 7.036E+01 7.226E+05 19.3492 1.00000 1.307E+00
  1.700E+07 1.700E+07 2.891E+00 3.083E+01 4.344E+01 8.036E+00 8.231E+01 8.520E+01 7.613E+05 19.7375 1.00000 1.307E+00
  2.000E+07 2.000E+07 2.910E+00 3.640E+01 5.123E+01 9.562E+00 9.719E+01 1.001E+02 7.937E+05 20.0626 1.00000 1.307E+00
  2.500E+07 2.500E+07 2.935E+00 4.563E+01 6.416E+01 1.217E+01 1.220E+02 1.249E+02 8.383E+05 20.5089 1.00000 1.307E+00
  3.000E+07 3.000E+07 2.956E+00 5.489E+01 7.712E+01 1.482E+01 1.468E+02 1.498E+02 8.749E+05 20.8735 1.00000 1.307E+00
  3.500E+07 3.500E+07 2.974E+00 6.416E+01 9.009E+01 1.750E+01 1.718E+02 1.747E+02 9.057E+05 21.1818 1.00000 1.307E+00
  4.000E+07 4.000E+07 2.990E+00 7.345E+01 1.031E+02 2.021E+01 1.967E+02 1.997E+02 9.325E+05 21.4489 1.00000 1.307E+00
  4.500E+07 4.500E+07 3.004E+00 8.276E+01 1.161E+02 2.295E+01 2.218E+02 2.248E+02 9.561E+05 21.6844 1.00000 1.307E+00
  5.000E+07 5.000E+07 3.016E+00 9.208E+01 1.291E+02 2.571E+01 2.469E+02 2.499E+02 9.771E+05 21.8951 1.00000 1.307E+00
  5.500E+07 5.500E+07 3.028E+00 1.014E+02 1.421E+02 2.851E+01 2.719E+02 2.750E+02 9.962E+05 22.0858 1.00000 1.307E+00
  6.000E+07 6.000E+07 3.038E+00 1.107E+02 1.551E+02 3.133E+01 2.970E+02 3.001E+02 1.014E+06 22.2598 1.00000 1.307E+00
  7.000E+07 7.000E+07 3.057E+00 1.293E+02 1.810E+02 3.703E+01 3.473E+02 3.504E+02 1.044E+06 22.5681 1.00000 1.307E+00
  8.000E+07 8.000E+07 3.073E+00 1.479E+02 2.070E+02 4.279E+01 3.977E+02 4.008E+02 1.071E+06 22.8352 1.00000 1.307E+00
  9.000E+07 9.000E+07 3.088E+00 1.666E+02 2.330E+02 4.861E+01 4.482E+02 4.513E+02 1.095E+06 23.0707 1.00000 1.307E+00
  1.000E+08 1.000E+08 3.100E+00 1.852E+02 2.590E+02 5.448E+01 4.987E+02 5.018E+02 1.116E+06 23.2814 1.00000 1.307E+00
  1.200E+08 1.200E+08 3.123E+00 2.223E+02 3.108E+02 6.538E+01 5.985E+02 6.016E+02 1.152E+06 23.6461 1.00000 1.307E+00
  1.400E+08 1.400E+08 3.142E+00 2.593E+02 3.626E+02 7.627E+01 6.982E+02 7.014E+02 1.183E+06 23.9544 1.00000 1.307E+00
  1.700E+08 1.700E+08 3.167E+00 3.149E+02 4.404E+02 9.262E+01 8.478E+02 8.510E+02 1.221E+06 24.3427 1.00000 1.307E+00
  2.000E+08 2.000E+08 3.187E+00 3.704E+02 5.181E+02 1.090E+02 9.975E+02 1.001E+03 1.254E+06 24.6677 1.00000 1.307E+00
  2.500E+08 2.500E+08 3.216E+00 4.631E+02 6.476E+02 1.362E+02 1.247E+03 1.250E+03 1.299E+06 25.1140 1.00000 1.307E+00
  3.000E+08 3.000E+08 3.239E+00 5.557E+02 7.771E+02 1.634E+02 1.496E+03 1.499E+03 1.335E+06 25.4787 1.00000 1.307E+00
  3.500E+08 3.500E+08 3.259E+00 6.483E+02 9.066E+02 1.907E+02 1.746E+03 1.749E+03 1.366E+06 25.7870 1.00000 1.307E+00
  4.000E+08 4.000E+08 3.277E+00 7.409E+02 1.036E+03 2.179E+02 1.995E+03 1.998E+03 1.393E+06 26.0540 1.00000 1.307E+00
  4.500E+08 4.500E+08 3.292E+00 8.335E+02 1.166E+03 2.452E+02 2.244E+03 2.248E+03 1.416E+06 26.2896 1.00000 1.307E+00
  5.000E+08 5.000E+08 3.306E+00 9.261E+02 1.295E+03 2.724E+02 2.494E+03 2.497E+03 1.437E+06 26.5003 1.00000 1.307E+00
  5.500E+08 5.500E+08 3.319E+00 1.019E+03 1.425E+03 2.996E+02 2.743E+03 2.746E+03 1.456E+06 26.6909 1.00000 1.307E+00
  6.000E+08 6.000E+08 3.331E+00 1.111E+03 1.554E+03 3.269E+02 2.992E+03 2.996E+03 1.474E+06 26.8650 1.00000 1.307E+00
  7.000E+08 7.000E+08 3.352E+00 1.297E+03 1.813E+03 3.814E+02 3.491E+03 3.494E+03 1.505E+06 27.1733 1.00000 1.307E+00
  8.000E+08 8.000E+08 3.370E+00 1.482E+03 2.072E+03 4.358E+02 3.990E+03 3.993E+03 1.531E+06 27.4403 1.00000 1.307E+00
  9.000E+08 9.000E+08 3.386E+00 1.667E+03 2.331E+03 4.903E+02 4.489E+03 4.492E+03 1.555E+06 27.6759 1.00000 1.307E+00
  1.000E+09 1.000E+09 3.400E+00 1.852E+03 2.590E+03 5.448E+02 4.987E+03 4.991E+03 1.576E+06 27.8866 1.00000 1.307E+00