 Incident particle is a   Muon with M =   105.65839 MeV
 Index =   29:  copper (Cu)
     Absorber with Z =  29,  A = 63.546(3), density = 8.960
 Sternheimer coef:  a     k=m_s   x_0    x_1    I[eV]   Cbar  delta0
                 0.1434  2.9044 -0.0254  3.2792  322.0  4.4190 0.08
 (Restricted energy loss for Tcut = 0.05 MeV
 Table written with (1X, 1P9E10.3,0PF8.4,f8.5,1pE10.3)          post-Born included in pair prod
 *** Results below 10 MeV are not dependable ***
      T         p     Ionization  brems     pair     photonuc  Radloss    dE/dx   CSDA Range  delta   beta   dE/dx_R
    [MeV]    [MeV/c]  -----------------------[MeV cm^2/g]------------------------  [g/cm^2]                [MeV cm^2/g]
  1.200E+00 1.597E+01 2.583E+01 0.000E+00 0.000E+00 4.343E-05 4.343E-05 2.583E+01 1.052E-02  0.0021 0.14944 2.583E+01
  1.400E+00 1.726E+01 2.307E+01 0.000E+00 0.000E+00 4.351E-05 4.351E-05 2.307E+01 1.873E-02  0.0024 0.16119 2.307E+01
  1.700E+00 1.903E+01 1.998E+01 0.000E+00 0.000E+00 4.363E-05 4.363E-05 1.998E+01 3.274E-02  0.0029 0.17725 1.998E+01
  2.000E+00 2.066E+01 1.770E+01 0.000E+00 0.000E+00 4.375E-05 4.375E-05 1.770E+01 4.874E-02  0.0034 0.19186 1.770E+01
  2.500E+00 2.312E+01 1.496E+01 0.000E+00 0.000E+00 4.396E-05 4.396E-05 1.496E+01 7.959E-02  0.0043 0.21376 1.496E+01
  3.000E+00 2.536E+01 1.304E+01 0.000E+00 0.000E+00 4.416E-05 4.416E-05 1.304E+01 1.155E-01  0.0052 0.23336 1.285E+01
  3.500E+00 2.742E+01 1.160E+01 0.000E+00 0.000E+00 4.436E-05 4.436E-05 1.160E+01 1.562E-01  0.0061 0.25120 1.127E+01
  4.000E+00 2.935E+01 1.048E+01 0.000E+00 0.000E+00 4.457E-05 4.457E-05 1.048E+01 2.017E-01  0.0069 0.26763 1.007E+01
  4.500E+00 3.116E+01 9.585E+00 0.000E+00 0.000E+00 4.477E-05 4.477E-05 9.585E+00 2.516E-01  0.0078 0.28290 9.120E+00
  5.000E+00 3.289E+01 8.849E+00 0.000E+00 0.000E+00 4.497E-05 4.497E-05 8.850E+00 3.060E-01  0.0087 0.29720 8.350E+00
  5.500E+00 3.453E+01 8.235E+00 0.000E+00 0.000E+00 4.517E-05 4.517E-05 8.235E+00 3.646E-01  0.0096 0.31066 7.713E+00
  6.000E+00 3.611E+01 7.712E+00 0.000E+00 0.000E+00 4.538E-05 4.538E-05 7.712E+00 4.274E-01  0.0105 0.32339 7.176E+00
  7.000E+00 3.909E+01 6.870E+00 0.000E+00 0.000E+00 4.578E-05 4.578E-05 6.871E+00 5.650E-01  0.0123 0.34700 6.322E+00
  8.000E+00 4.189E+01 6.221E+00 0.000E+00 0.000E+00 4.619E-05 4.619E-05 6.221E+00 7.182E-01  0.0141 0.36854 5.673E+00
  9.000E+00 4.453E+01 5.704E+00 0.000E+00 0.000E+00 4.660E-05 4.660E-05 5.704E+00 8.863E-01  0.0160 0.38836 5.161E+00
  1.000E+01 4.704E+01 5.283E+00 0.000E+00 0.000E+00 4.700E-05 4.700E-05 5.283E+00 1.069E+00  0.0178 0.40675 4.747E+00
  1.200E+01 5.177E+01 4.635E+00 0.000E+00 0.000E+00 4.782E-05 4.782E-05 4.635E+00 1.474E+00  0.0216 0.43998 4.119E+00
  1.400E+01 5.616E+01 4.160E+00 0.000E+00 0.000E+00 4.863E-05 4.863E-05 4.160E+00 1.930E+00  0.0254 0.46937 3.664E+00
  1.700E+01 6.230E+01 3.645E+00 0.000E+00 0.000E+00 4.985E-05 4.985E-05 3.645E+00 2.703E+00  0.0313 0.50792 3.176E+00
  2.000E+01 6.802E+01 3.277E+00 0.000E+00 0.000E+00 5.107E-05 5.107E-05 3.277E+00 3.573E+00  0.0373 0.54129 2.830E+00
  2.500E+01 7.686E+01 2.851E+00 0.000E+00 0.000E+00 5.310E-05 5.310E-05 2.851E+00 5.216E+00  0.0476 0.58827 2.434E+00
  3.000E+01 8.509E+01 2.562E+00 0.000E+00 0.000E+00 5.513E-05 5.513E-05 2.562E+00 7.071E+00  0.0583 0.62720 2.169E+00
  3.500E+01 9.285E+01 2.354E+00 0.000E+00 0.000E+00 5.716E-05 5.716E-05 2.354E+00 9.111E+00  0.0694 0.66011 1.978E+00
  4.000E+01 1.003E+02 2.198E+00 0.000E+00 0.000E+00 5.920E-05 5.920E-05 2.198E+00 1.131E+01  0.0813 0.68834 1.835E+00
  4.500E+01 1.074E+02 2.075E+00 0.000E+00 0.000E+00 6.123E-05 6.123E-05 2.075E+00 1.366E+01  0.0989 0.71286 1.723E+00
  5.000E+01 1.143E+02 1.978E+00 0.000E+00 0.000E+00 6.326E-05 6.326E-05 1.978E+00 1.612E+01  0.1166 0.73434 1.634E+00
  5.500E+01 1.210E+02 1.899E+00 0.000E+00 0.000E+00 6.529E-05 6.529E-05 1.899E+00 1.871E+01  0.1344 0.75332 1.562E+00
  6.000E+01 1.276E+02 1.833E+00 4.192E-08 0.000E+00 6.732E-05 6.737E-05 1.833E+00 2.139E+01  0.1520 0.77019 1.501E+00
  7.000E+01 1.403E+02 1.732E+00 3.751E-06 0.000E+00 7.139E-05 7.514E-05 1.732E+00 2.701E+01  0.1868 0.79887 1.408E+00
  8.000E+01 1.527E+02 1.659E+00 7.666E-06 0.000E+00 7.545E-05 8.312E-05 1.659E+00 3.291E+01  0.2208 0.82227 1.339E+00
  9.000E+01 1.647E+02 1.603E+00 1.177E-05 0.000E+00 7.952E-05 9.129E-05 1.603E+00 3.905E+01  0.2540 0.84166 1.287E+00
  1.000E+02 1.764E+02 1.561E+00 1.607E-05 0.000E+00 8.358E-05 9.965E-05 1.561E+00 4.537E+01  0.2862 0.85794 1.246E+00
  1.200E+02 1.994E+02 1.502E+00 2.517E-05 0.000E+00 9.171E-05 1.169E-04 1.502E+00 5.845E+01  0.3481 0.88361 1.188E+00
  1.400E+02 2.218E+02 1.464E+00 3.491E-05 0.000E+00 9.984E-05 1.347E-04 1.465E+00 7.195E+01  0.4069 0.90278 1.148E+00
  1.700E+02 2.546E+02 1.431E+00 5.061E-05 0.000E+00 1.120E-04 1.626E-04 1.431E+00 9.269E+01  0.4900 0.92363 1.110E+00
  2.000E+02 2.868E+02 1.414E+00 6.749E-05 0.000E+00 1.242E-04 1.917E-04 1.414E+00 1.138E+02  0.5676 0.93835 1.086E+00
  2.500E+02 3.396E+02 1.403E+00 9.793E-05 0.000E+00 1.445E-04 2.425E-04 1.404E+00 1.493E+02  0.6871 0.95485 1.064E+00
  2.673E+02 3.577E+02 1.403E+00 1.309E-04 0.000E+00 1.649E-04 2.958E-04 1.404E+00  Minimum ionization
  3.000E+02 3.917E+02 1.404E+00 1.309E-04 0.000E+00 1.649E-04 2.958E-04 1.404E+00 1.849E+02  0.7963 0.96548 1.052E+00
  3.500E+02 4.432E+02 1.410E+00 1.661E-04 0.000E+00 1.852E-04 3.513E-04 1.411E+00 2.205E+02  0.8971 0.97274 1.046E+00
  4.000E+02 4.945E+02 1.419E+00 2.033E-04 0.000E+00 2.055E-04 4.088E-04 1.419E+00 2.558E+02  0.9909 0.97793 1.044E+00
  4.500E+02 5.455E+02 1.429E+00 2.423E-04 0.000E+00 2.258E-04 4.681E-04 1.429E+00 2.909E+02  1.0787 0.98176 1.043E+00
  5.000E+02 5.964E+02 1.439E+00 2.828E-04 0.000E+00 2.461E-04 5.290E-04 1.440E+00 3.258E+02  1.1613 0.98467 1.043E+00
  5.500E+02 6.471E+02 1.450E+00 3.249E-04 0.000E+00 2.665E-04 5.914E-04 1.450E+00 3.604E+02  1.2394 0.98693 1.044E+00
  6.000E+02 6.977E+02 1.460E+00 3.684E-04 0.000E+00 2.868E-04 6.551E-04 1.461E+00 3.947E+02  1.3135 0.98873 1.046E+00
  7.000E+02 7.987E+02 1.480E+00 4.590E-04 0.000E+00 3.274E-04 7.864E-04 1.481E+00 4.627E+02  1.4512 0.99136 1.049E+00
  8.000E+02 8.995E+02 1.499E+00 5.541E-04 0.000E+00 3.681E-04 9.222E-04 1.500E+00 5.298E+02  1.5773 0.99317 1.053E+00
  9.000E+02 1.000E+03 1.516E+00 6.532E-04 0.000E+00 4.087E-04 1.062E-03 1.517E+00 5.961E+02  1.6936 0.99447 1.057E+00
  1.000E+03 1.101E+03 1.532E+00 7.559E-04 4.496E-06 4.493E-04 1.210E-03 1.533E+00 6.617E+02  1.8018 0.99542 1.061E+00
  1.200E+03 1.301E+03 1.560E+00 9.708E-04 1.572E-04 5.306E-04 1.659E-03 1.562E+00 7.909E+02  1.9979 0.99672 1.068E+00
  1.400E+03 1.502E+03 1.585E+00 1.197E-03 3.314E-04 6.119E-04 2.140E-03 1.587E+00 9.179E+02  2.1724 0.99753 1.074E+00
  1.700E+03 1.803E+03 1.617E+00 1.553E-03 6.269E-04 7.338E-04 2.914E-03 1.620E+00 1.105E+03  2.4034 0.99829 1.081E+00
  2.000E+03 2.103E+03 1.643E+00 1.928E-03 9.575E-04 8.568E-04 3.742E-03 1.647E+00 1.289E+03  2.6059 0.99874 1.088E+00
  2.500E+03 2.604E+03 1.680E+00 2.586E-03 1.573E-03 1.066E-03 5.224E-03 1.685E+00 1.588E+03  2.8973 0.99918 1.096E+00
  3.000E+03 3.104E+03 1.709E+00 3.278E-03 2.256E-03 1.275E-03 6.810E-03 1.716E+00 1.882E+03  3.1463 0.99942 1.103E+00
  3.500E+03 3.604E+03 1.734E+00 4.000E-03 2.996E-03 1.486E-03 8.482E-03 1.743E+00 2.171E+03  3.3642 0.99957 1.108E+00
  4.000E+03 4.104E+03 1.755E+00 4.746E-03 3.785E-03 1.697E-03 1.023E-02 1.765E+00 2.457E+03  3.5583 0.99967 1.113E+00
  4.500E+03 4.604E+03 1.774E+00 5.515E-03 4.616E-03 1.909E-03 1.204E-02 1.786E+00 2.738E+03  3.7333 0.99974 1.116E+00
  5.000E+03 5.105E+03 1.790E+00 6.306E-03 5.488E-03 2.121E-03 1.391E-02 1.804E+00 3.017E+03  3.8929 0.99979 1.120E+00
  5.500E+03 5.605E+03 1.804E+00 7.126E-03 6.404E-03 2.336E-03 1.587E-02 1.820E+00 3.293E+03  4.0397 0.99982 1.122E+00
  6.000E+03 6.105E+03 1.817E+00 7.963E-03 7.353E-03 2.551E-03 1.787E-02 1.835E+00 3.566E+03  4.1757 0.99985 1.125E+00
  7.000E+03 7.105E+03 1.840E+00 9.683E-03 9.336E-03 2.983E-03 2.200E-02 1.862E+00 4.107E+03  4.4208 0.99989 1.129E+00
  8.000E+03 8.105E+03 1.860E+00 1.146E-02 1.142E-02 3.417E-03 2.630E-02 1.886E+00 4.641E+03  4.6376 0.99992 1.132E+00
  9.000E+03 9.105E+03 1.876E+00 1.328E-02 1.360E-02 3.852E-03 3.073E-02 1.907E+00 5.168E+03  4.8320 0.99993 1.134E+00
  1.000E+04 1.011E+04 1.891E+00 1.515E-02 1.585E-02 4.285E-03 3.529E-02 1.926E+00 5.690E+03  5.0084 0.99995 1.137E+00
  1.200E+04 1.211E+04 1.916E+00 1.901E-02 2.059E-02 5.082E-03 4.468E-02 1.960E+00 6.718E+03  5.3189 0.99996 1.140E+00
  1.400E+04 1.411E+04 1.936E+00 2.301E-02 2.557E-02 5.870E-03 5.445E-02 1.991E+00 7.731E+03  5.5864 0.99997 1.143E+00
  1.700E+04 1.711E+04 1.961E+00 2.921E-02 3.342E-02 7.041E-03 6.967E-02 2.031E+00 9.222E+03  5.9294 0.99998 1.146E+00
  2.000E+04 2.011E+04 1.981E+00 3.563E-02 4.166E-02 8.199E-03 8.549E-02 2.067E+00 1.069E+04  6.2214 0.99999 1.148E+00
  2.500E+04 2.511E+04 2.008E+00 4.670E-02 5.655E-02 1.013E-02 1.134E-01 2.122E+00 1.307E+04  6.6290 0.99999 1.151E+00
  3.000E+04 3.011E+04 2.029E+00 5.817E-02 7.224E-02 1.203E-02 1.424E-01 2.172E+00 1.540E+04  6.9674 0.99999 1.152E+00
  3.500E+04 3.511E+04 2.047E+00 6.997E-02 8.862E-02 1.393E-02 1.725E-01 2.219E+00 1.768E+04  7.2569 1.00000 1.154E+00
  4.000E+04 4.011E+04 2.061E+00 8.205E-02 1.056E-01 1.580E-02 2.034E-01 2.265E+00 1.991E+04  7.5100 1.00000 1.154E+00
  4.500E+04 4.511E+04 2.074E+00 9.438E-02 1.230E-01 1.767E-02 2.351E-01 2.309E+00 2.210E+04  7.7349 1.00000 1.155E+00
  5.000E+04 5.011E+04 2.085E+00 1.069E-01 1.409E-01 1.952E-02 2.674E-01 2.353E+00 2.424E+04  7.9374 1.00000 1.156E+00
  5.500E+04 5.511E+04 2.095E+00 1.196E-01 1.588E-01 2.140E-02 2.998E-01 2.395E+00 2.635E+04  8.1215 1.00000 1.156E+00
  6.000E+04 6.011E+04 2.104E+00 1.324E-01 1.770E-01 2.328E-02 3.327E-01 2.437E+00 2.842E+04  8.2903 1.00000 1.156E+00
  7.000E+04 7.011E+04 2.120E+00 1.585E-01 2.143E-01 2.701E-02 3.998E-01 2.520E+00 3.245E+04  8.5909 1.00000 1.157E+00
  8.000E+04 8.011E+04 2.133E+00 1.851E-01 2.527E-01 3.072E-02 4.685E-01 2.602E+00 3.636E+04  8.8528 1.00000 1.157E+00
  9.000E+04 9.011E+04 2.145E+00 2.122E-01 2.919E-01 3.442E-02 5.386E-01 2.683E+00 4.014E+04  9.0848 1.00000 1.158E+00
  1.000E+05 1.001E+05 2.155E+00 2.398E-01 3.320E-01 3.811E-02 6.098E-01 2.765E+00 4.381E+04  9.2930 1.00000 1.158E+00
  1.200E+05 1.201E+05 2.173E+00 2.953E-01 4.127E-01 4.559E-02 7.536E-01 2.926E+00 5.084E+04  9.6547 1.00000 1.158E+00
  1.400E+05 1.401E+05 2.187E+00 3.520E-01 4.957E-01 5.305E-02 9.008E-01 3.088E+00 5.750E+04  9.9615 1.00000 1.158E+00
  1.700E+05 1.701E+05 2.205E+00 4.389E-01 6.236E-01 6.420E-02 1.127E+00 3.332E+00 6.685E+04 10.3490 1.00000 1.158E+00
  2.000E+05 2.001E+05 2.221E+00 5.277E-01 7.550E-01 7.532E-02 1.358E+00 3.579E+00 7.553E+04 10.6738 1.00000 1.158E+00
  2.500E+05 2.501E+05 2.242E+00 6.765E-01 9.700E-01 9.413E-02 1.741E+00 3.982E+00 8.877E+04 11.1199 1.00000 1.158E+00
  3.000E+05 3.001E+05 2.259E+00 8.283E-01 1.190E+00 1.129E-01 2.131E+00 4.389E+00 1.007E+05 11.4844 1.00000 1.158E+00
  3.169E+05 3.170E+05 2.264E+00 8.803E-01 1.265E+00 1.193E-01 2.265E+00 4.528E+00  Muon critical energy
  3.500E+05 3.501E+05 2.273E+00 9.827E-01 1.413E+00 1.318E-01 2.528E+00 4.801E+00 1.116E+05 11.7926 1.00000 1.158E+00
  4.000E+05 4.001E+05 2.285E+00 1.139E+00 1.640E+00 1.506E-01 2.930E+00 5.215E+00 1.216E+05 12.0595 1.00000 1.158E+00
  4.500E+05 4.501E+05 2.297E+00 1.298E+00 1.870E+00 1.694E-01 3.337E+00 5.634E+00 1.308E+05 12.2951 1.00000 1.158E+00
  5.000E+05 5.001E+05 2.306E+00 1.458E+00 2.103E+00 1.882E-01 3.749E+00 6.055E+00 1.394E+05 12.5057 1.00000 1.158E+00
  5.500E+05 5.501E+05 2.315E+00 1.617E+00 2.331E+00 2.075E-01 4.155E+00 6.470E+00 1.474E+05 12.6963 1.00000 1.158E+00
  6.000E+05 6.001E+05 2.324E+00 1.776E+00 2.560E+00 2.268E-01 4.563E+00 6.887E+00 1.549E+05 12.8703 1.00000 1.158E+00
  7.000E+05 7.001E+05 2.338E+00 2.099E+00 3.023E+00 2.655E-01 5.388E+00 7.726E+00 1.686E+05 13.1786 1.00000 1.158E+00
  8.000E+05 8.001E+05 2.351E+00 2.425E+00 3.491E+00 3.043E-01 6.221E+00 8.571E+00 1.809E+05 13.4456 1.00000 1.158E+00
  9.000E+05 9.001E+05 2.362E+00 2.755E+00 3.963E+00 3.433E-01 7.061E+00 9.423E+00 1.920E+05 13.6811 1.00000 1.158E+00
  1.000E+06 1.000E+06 2.372E+00 3.087E+00 4.439E+00 3.823E-01 7.908E+00 1.028E+01 2.021E+05 13.8918 1.00000 1.158E+00
  1.200E+06 1.200E+06 2.389E+00 3.747E+00 5.381E+00 4.618E-01 9.590E+00 1.198E+01 2.201E+05 14.2564 1.00000 1.158E+00
  1.400E+06 1.400E+06 2.404E+00 4.414E+00 6.331E+00 5.418E-01 1.129E+01 1.369E+01 2.357E+05 14.5647 1.00000 1.158E+00
  1.700E+06 1.700E+06 2.423E+00 5.425E+00 7.769E+00 6.624E-01 1.386E+01 1.628E+01 2.558E+05 14.9530 1.00000 1.158E+00
  2.000E+06 2.000E+06 2.439E+00 6.447E+00 9.221E+00 7.838E-01 1.645E+01 1.889E+01 2.729E+05 15.2780 1.00000 1.158E+00
  2.500E+06 2.500E+06 2.461E+00 8.137E+00 1.161E+01 9.905E-01 2.074E+01 2.320E+01 2.968E+05 15.7243 1.00000 1.158E+00
  3.000E+06 3.000E+06 2.479E+00 9.842E+00 1.402E+01 1.199E+00 2.506E+01 2.754E+01 3.165E+05 16.0889 1.00000 1.158E+00
  3.500E+06 3.500E+06 2.494E+00 1.156E+01 1.645E+01 1.409E+00 2.941E+01 3.191E+01 3.334E+05 16.3972 1.00000 1.158E+00
  4.000E+06 4.000E+06 2.508E+00 1.329E+01 1.888E+01 1.621E+00 3.379E+01 3.629E+01 3.480E+05 16.6642 1.00000 1.158E+00
  4.500E+06 4.500E+06 2.520E+00 1.502E+01 2.132E+01 1.834E+00 3.818E+01 4.070E+01 3.610E+05 16.8998 1.00000 1.158E+00
  5.000E+06 5.000E+06 2.530E+00 1.677E+01 2.378E+01 2.048E+00 4.259E+01 4.512E+01 3.727E+05 17.1105 1.00000 1.158E+00
  5.500E+06 5.500E+06 2.540E+00 1.849E+01 2.620E+01 2.266E+00 4.696E+01 4.950E+01 3.833E+05 17.3011 1.00000 1.158E+00
  6.000E+06 6.000E+06 2.549E+00 2.022E+01 2.864E+01 2.485E+00 5.135E+01 5.390E+01 3.930E+05 17.4752 1.00000 1.158E+00
  7.000E+06 7.000E+06 2.565E+00 2.370E+01 3.352E+01 2.927E+00 6.014E+01 6.271E+01 4.102E+05 17.7834 1.00000 1.158E+00
  8.000E+06 8.000E+06 2.579E+00 2.718E+01 3.841E+01 3.372E+00 6.897E+01 7.155E+01 4.251E+05 18.0505 1.00000 1.158E+00
  9.000E+06 9.000E+06 2.591E+00 3.068E+01 4.332E+01 3.821E+00 7.782E+01 8.041E+01 4.382E+05 18.2861 1.00000 1.158E+00
  1.000E+07 1.000E+07 2.602E+00 3.419E+01 4.823E+01 4.272E+00 8.670E+01 8.930E+01 4.500E+05 18.4968 1.00000 1.158E+00
  1.200E+07 1.200E+07 2.621E+00 4.117E+01 5.802E+01 5.191E+00 1.044E+02 1.070E+02 4.705E+05 18.8614 1.00000 1.158E+00
  1.400E+07 1.400E+07 2.637E+00 4.817E+01 6.782E+01 6.121E+00 1.221E+02 1.248E+02 4.878E+05 19.1697 1.00000 1.158E+00
  1.700E+07 1.700E+07 2.658E+00 5.871E+01 8.257E+01 7.531E+00 1.488E+02 1.515E+02 5.096E+05 19.5580 1.00000 1.158E+00
  2.000E+07 2.000E+07 2.676E+00 6.928E+01 9.734E+01 8.956E+00 1.756E+02 1.783E+02 5.278E+05 19.8831 1.00000 1.158E+00
  2.500E+07 2.500E+07 2.700E+00 8.683E+01 1.219E+02 1.139E+01 2.201E+02 2.228E+02 5.528E+05 20.3294 1.00000 1.158E+00
  3.000E+07 3.000E+07 2.720E+00 1.044E+02 1.465E+02 1.386E+01 2.647E+02 2.675E+02 5.733E+05 20.6940 1.00000 1.158E+00
  3.500E+07 3.500E+07 2.737E+00 1.220E+02 1.711E+02 1.636E+01 3.095E+02 3.122E+02 5.906E+05 21.0023 1.00000 1.158E+00
  4.000E+07 4.000E+07 2.752E+00 1.397E+02 1.957E+02 1.888E+01 3.543E+02 3.570E+02 6.055E+05 21.2694 1.00000 1.158E+00
  4.500E+07 4.500E+07 2.765E+00 1.574E+02 2.204E+02 2.143E+01 3.992E+02 4.019E+02 6.187E+05 21.5049 1.00000 1.158E+00
  5.000E+07 5.000E+07 2.777E+00 1.751E+02 2.450E+02 2.400E+01 4.441E+02 4.469E+02 6.305E+05 21.7156 1.00000 1.158E+00
  5.500E+07 5.500E+07 2.788E+00 1.927E+02 2.697E+02 2.660E+01 4.890E+02 4.918E+02 6.412E+05 21.9063 1.00000 1.158E+00
  6.000E+07 6.000E+07 2.798E+00 2.104E+02 2.943E+02 2.923E+01 5.339E+02 5.367E+02 6.509E+05 22.0803 1.00000 1.158E+00
  7.000E+07 7.000E+07 2.815E+00 2.457E+02 3.435E+02 3.452E+01 6.237E+02 6.266E+02 6.681E+05 22.3886 1.00000 1.158E+00
  8.000E+07 8.000E+07 2.831E+00 2.810E+02 3.928E+02 3.988E+01 7.138E+02 7.166E+02 6.831E+05 22.6557 1.00000 1.158E+00
  9.000E+07 9.000E+07 2.844E+00 3.164E+02 4.421E+02 4.528E+01 8.039E+02 8.067E+02 6.962E+05 22.8912 1.00000 1.158E+00
  1.000E+08 1.000E+08 2.856E+00 3.519E+02 4.915E+02 5.073E+01 8.941E+02 8.969E+02 7.080E+05 23.1019 1.00000 1.158E+00
  1.200E+08 1.200E+08 2.878E+00 4.222E+02 5.898E+02 6.088E+01 1.073E+03 1.076E+03 7.283E+05 23.4666 1.00000 1.158E+00
  1.400E+08 1.400E+08 2.896E+00 4.926E+02 6.881E+02 7.102E+01 1.252E+03 1.255E+03 7.455E+05 23.7749 1.00000 1.158E+00
  1.700E+08 1.700E+08 2.919E+00 5.982E+02 8.355E+02 8.624E+01 1.520E+03 1.523E+03 7.672E+05 24.1632 1.00000 1.158E+00
  2.000E+08 2.000E+08 2.939E+00 7.037E+02 9.830E+02 1.015E+02 1.788E+03 1.791E+03 7.853E+05 24.4882 1.00000 1.158E+00
  2.500E+08 2.500E+08 2.966E+00 8.797E+02 1.229E+03 1.268E+02 2.235E+03 2.238E+03 8.102E+05 24.9345 1.00000 1.158E+00
  3.000E+08 3.000E+08 2.988E+00 1.056E+03 1.474E+03 1.522E+02 2.682E+03 2.685E+03 8.306E+05 25.2992 1.00000 1.158E+00
  3.500E+08 3.500E+08 3.007E+00 1.232E+03 1.720E+03 1.776E+02 3.129E+03 3.132E+03 8.478E+05 25.6075 1.00000 1.158E+00
  4.000E+08 4.000E+08 3.024E+00 1.407E+03 1.966E+03 2.029E+02 3.576E+03 3.579E+03 8.627E+05 25.8745 1.00000 1.158E+00
  4.500E+08 4.500E+08 3.038E+00 1.583E+03 2.212E+03 2.283E+02 4.023E+03 4.026E+03 8.759E+05 26.1101 1.00000 1.158E+00
  5.000E+08 5.000E+08 3.052E+00 1.759E+03 2.457E+03 2.537E+02 4.470E+03 4.473E+03 8.877E+05 26.3208 1.00000 1.158E+00
  5.500E+08 5.500E+08 3.064E+00 1.935E+03 2.703E+03 2.790E+02 4.917E+03 4.921E+03 8.983E+05 26.5114 1.00000 1.158E+00
  6.000E+08 6.000E+08 3.075E+00 2.111E+03 2.949E+03 3.044E+02 5.364E+03 5.368E+03 9.081E+05 26.6855 1.00000 1.158E+00
  7.000E+08 7.000E+08 3.094E+00 2.463E+03 3.440E+03 3.551E+02 6.259E+03 6.262E+03 9.253E+05 26.9938 1.00000 1.158E+00
  8.000E+08 8.000E+08 3.111E+00 2.815E+03 3.932E+03 4.058E+02 7.153E+03 7.156E+03 9.402E+05 27.2608 1.00000 1.158E+00
  9.000E+08 9.000E+08 3.127E+00 3.167E+03 4.423E+03 4.566E+02 8.047E+03 8.050E+03 9.534E+05 27.4964 1.00000 1.158E+00
  1.000E+09 1.000E+09 3.140E+00 3.519E+03 4.915E+03 5.073E+02 8.941E+03 8.944E+03 9.652E+05 27.7071 1.00000 1.158E+00