# E [eV]  σ [Mb]
1.583e+01 2.920e+01
1.589e+01 2.950e+01
1.610e+01 3.030e+01
1.631e+01 3.110e+01
1.653e+01 3.180e+01
1.675e+01 3.250e+01
1.698e+01 3.310e+01
1.722e+01 3.370e+01
1.746e+01 3.420e+01
1.771e+01 3.470e+01
1.797e+01 3.510e+01
1.823e+01 3.550e+01
1.850e+01 3.580e+01
1.878e+01 3.610e+01
1.907e+01 3.630e+01
1.937e+01 3.650e+01
1.968e+01 3.660e+01
2.000e+01 3.670e+01
2.032e+01 3.680e+01
2.066e+01 3.670e+01
2.101e+01 3.670e+01
2.138e+01 3.650e+01
2.175e+01 3.630e+01
2.214e+01 3.610e+01
2.254e+01 3.570e+01
2.296e+01 3.540e+01
2.339e+01 3.490e+01
2.384e+01 3.440e+01
2.431e+01 3.380e+01
2.480e+01 3.310e+01
2.530e+01 3.230e+01
2.583e+01 3.140e+01
2.638e+01 3.050e+01
2.695e+01 2.950e+01
2.755e+01 2.830e+01
2.818e+01 2.710e+01
2.883e+01 2.570e+01
2.952e+01 2.430e+01
3.024e+01 2.270e+01
3.099e+01 2.100e+01
3.179e+01 1.910e+01
3.263e+01 1.710e+01
3.351e+01 1.500e+01
3.444e+01 1.280e+01
3.542e+01 1.030e+01
3.646e+01 7.770e+00
3.757e+01 6.100e+00
3.874e+01 4.620e+00
3.999e+01 3.410e+00
4.133e+01 2.470e+00
4.275e+01 1.770e+00
4.428e+01 1.300e+00
4.592e+01 1.030e+00
4.768e+01 9.140e-01
4.959e+01 9.160e-01
5.166e+01 1.000e+00
5.390e+01 1.130e+00
5.635e+01 1.280e+00
5.904e+01 1.360e+00
6.199e+01 1.420e+00
6.525e+01 1.450e+00
6.888e+01 1.480e+00
7.293e+01 1.480e+00
7.749e+01 1.470e+00
8.265e+01 1.450e+00
8.856e+01 1.410e+00
9.537e+01 1.360e+00
1.033e+02 1.290e+00
1.127e+02 1.200e+00
1.240e+02 1.100e+00
1.305e+02 1.050e+00
1.378e+02 9.870e-01
1.459e+02 9.230e-01
1.550e+02 8.560e-01
1.653e+02 7.850e-01
1.771e+02 7.090e-01
1.907e+02 6.300e-01
2.066e+02 5.470e-01
2.254e+02 4.610e-01
2.450e+02 3.810e-01
2.480e+02 4.660e+00
2.583e+02 4.230e+00
2.695e+02 3.830e+00
2.818e+02 3.450e+00
2.952e+02 3.100e+00
3.100e+02 2.760e+00
3.263e+02 2.450e+00
3.444e+02 2.160e+00
3.647e+02 1.890e+00
3.874e+02 1.640e+00
4.133e+02 1.410e+00
4.428e+02 1.200e+00
4.769e+02 1.010e+00
5.166e+02 8.360e-01
5.636e+02 6.820e-01
6.199e+02 5.460e-01
6.525e+02 4.840e-01
6.888e+02 4.260e-01
7.293e+02 3.730e-01
7.749e+02 3.240e-01
8.265e+02 2.780e-01
8.856e+02 2.370e-01
9.537e+02 1.990e-01
1.033e+03 1.650e-01
1.127e+03 1.350e-01
1.240e+03 1.080e-01
1.305e+03 9.550e-02
1.378e+03 8.420e-02
1.459e+03 7.360e-02
1.550e+03 6.390e-02
1.653e+03 5.490e-02
1.771e+03 4.670e-02
1.907e+03 3.930e-02
2.066e+03 3.260e-02
2.254e+03 2.660e-02
2.480e+03 2.130e-02
2.755e+03 1.660e-02
3.100e+03 1.260e-02
3.204e+03 1.170e-02
3.263e+03 9.590e-02
3.444e+03 8.270e-02
3.646e+03 7.060e-02
3.874e+03 5.980e-02
4.133e+03 5.010e-02
4.428e+03 4.140e-02
4.768e+03 3.380e-02
5.166e+03 2.710e-02
5.635e+03 2.130e-02
6.199e+03 1.640e-02
6.888e+03 1.230e-02
7.749e+03 8.890e-03
8.856e+03 6.160e-03
1.033e+04 4.030e-03
1.240e+04 2.440e-03
1.550e+04 1.320e-03
2.066e+04 5.990e-04
3.100e+04 1.960e-04
6.199e+04 2.900e-05
