# E [eV]   σ [Mb]
1.5000e+01 9.3110e+00
1.6700e+01 8.2790e+00
1.9000e+01 6.6250e+00
2.0000e+01 7.7740e+00
2.1200e+01 7.3430e+00
2.5000e+01 6.1530e+00
2.6800e+01 5.6620e+00
2.6900e+01 5.6460e+00
3.0000e+01 4.8900e+00
3.5000e+01 3.9080e+00
4.0000e+01 3.1540e+00
4.0800e+01 3.0510e+00
4.0800e+01 3.0500e+00
4.5000e+01 2.5830e+00
5.0000e+01 2.1480e+00
5.5000e+01 1.8070e+00
6.0000e+01 1.5360e+00
6.5000e+01 1.3150e+00
7.0000e+01 1.1370e+00
7.5000e+01 9.9150e-01
8.0000e+01 8.7240e-01
8.5000e+01 7.7290e-01
9.0000e+01 6.8800e-01
9.5000e+01 6.1450e-01
1.0000e+02 5.5050e-01
1.0500e+02 4.9500e-01
1.1000e+02 4.4720e-01
1.1500e+02 4.0610e-01
1.2000e+02 3.7070e-01
1.2500e+02 3.3990e-01
1.3000e+02 3.1260e-01
1.3230e+02 3.0090e-01
1.3500e+02 2.8790e-01
1.4000e+02 2.6540e-01
1.4500e+02 2.4500e-01
1.5000e+02 2.2630e-01
1.5140e+02 2.2140e-01
1.5500e+02 2.0960e-01
1.6000e+02 1.9470e-01
1.6500e+02 1.8140e-01
1.7000e+02 1.6970e-01
1.7500e+02 1.5930e-01
1.8000e+02 1.4970e-01
1.8500e+02 1.4100e-01
1.9000e+02 1.3270e-01
1.9500e+02 1.2490e-01
2.0000e+02 1.1760e-01
2.0500e+02 1.1070e-01
2.1000e+02 1.0420e-01
2.1500e+02 9.8320e-02
2.2000e+02 9.2940e-02
2.2500e+02 8.8090e-02
2.3000e+02 8.3710e-02
2.3500e+02 7.9740e-02
2.4000e+02 7.6100e-02
2.4500e+02 7.2700e-02
2.5000e+02 6.9480e-02
2.5500e+02 6.6380e-02
2.6000e+02 6.3380e-02
2.6500e+02 6.0460e-02
2.7000e+02 5.7650e-02
2.7500e+02 5.4960e-02
2.8000e+02 5.2440e-02
2.8500e+02 5.0090e-02
2.9000e+02 4.7930e-02
2.9500e+02 4.5970e-02
2.9500e+02 9.5920e-01
3.0000e+02 9.0330e-01
3.0500e+02 8.6730e-01
3.1000e+02 8.4070e-01
3.1500e+02 8.1850e-01
3.2000e+02 7.9800e-01
3.2500e+02 7.7770e-01
3.3000e+02 7.5700e-01
3.3500e+02 7.3590e-01
3.4000e+02 7.1410e-01
3.4500e+02 6.9220e-01
3.5000e+02 6.7020e-01
3.5500e+02 6.4850e-01
3.6000e+02 6.2730e-01
3.6500e+02 6.0670e-01
3.7000e+02 5.8700e-01
3.7500e+02 5.6800e-01
3.8000e+02 5.5000e-01
3.8500e+02 5.3270e-01
3.9000e+02 5.1640e-01
3.9500e+02 5.0070e-01
4.0000e+02 4.8590e-01
4.0500e+02 4.7170e-01
4.1000e+02 4.5810e-01
4.1500e+02 4.4520e-01
4.2000e+02 4.3270e-01
4.2500e+02 4.2070e-01
4.3000e+02 4.0910e-01
4.3500e+02 3.9800e-01
4.4000e+02 3.8710e-01
4.4500e+02 3.7670e-01
4.5000e+02 3.6660e-01
4.5500e+02 3.5690e-01
4.6000e+02 3.4750e-01
4.6500e+02 3.3840e-01
4.7000e+02 3.2960e-01
4.7500e+02 3.2100e-01
4.8000e+02 3.1280e-01
4.8500e+02 3.0480e-01
4.9000e+02 2.9710e-01
4.9500e+02 2.8960e-01
5.0000e+02 2.8240e-01
5.0500e+02 2.7530e-01
5.1000e+02 2.6850e-01
5.1500e+02 2.6180e-01
5.2000e+02 2.5540e-01
5.2500e+02 2.4910e-01
5.3000e+02 2.4300e-01
5.3500e+02 2.3720e-01
5.4000e+02 2.3150e-01
5.4500e+02 2.2590e-01
5.5000e+02 2.2060e-01
5.5500e+02 2.1530e-01
5.6000e+02 2.1040e-01
5.6500e+02 2.0550e-01
5.7000e+02 2.0080e-01
5.7500e+02 1.9640e-01
5.8000e+02 1.9200e-01
5.8500e+02 1.8770e-01
5.9000e+02 1.8370e-01
6.0000e+02 1.7590e-01
6.2000e+02 1.6150e-01
6.4000e+02 1.4850e-01
6.6000e+02 1.3670e-01
6.8000e+02 1.2620e-01
7.0000e+02 1.1690e-01
7.2000e+02 1.0860e-01
7.4000e+02 1.0080e-01
7.6000e+02 9.3780e-02
7.8000e+02 8.7320e-02
8.0000e+02 8.1510e-02
8.5000e+02 6.9290e-02
9.0000e+02 5.9140e-02
9.5000e+02 5.0890e-02
1.0000e+03 4.4170e-02
1.0410e+03 3.9370e-02
1.0500e+03 3.8410e-02
1.1000e+03 3.3740e-02
1.1500e+03 2.9850e-02
1.2000e+03 2.6390e-02
1.2500e+03 2.3530e-02
1.2536e+03 2.3350e-02
1.3000e+03 2.1130e-02
1.3500e+03 1.8930e-02
1.4000e+03 1.7040e-02
1.4500e+03 1.5440e-02
1.4866e+03 1.4360e-02
1.5000e+03 1.3970e-02
