3.5000e+01 3.542405e-02 5.8321e-01 2.4213e-01
3.4800e+01 3.562764e-02 5.7868e-01 2.4956e-01
3.4600e+01 3.583358e-02 5.7340e-01 2.5744e-01
3.4400e+01 3.604192e-02 5.6591e-01 2.6420e-01
3.4200e+01 3.625269e-02 5.6066e-01 2.7005e-01
3.4000e+01 3.646594e-02 5.5638e-01 2.7769e-01
3.3800e+01 3.668171e-02 5.5229e-01 2.8554e-01
3.3600e+01 3.690006e-02 5.4791e-01 2.9367e-01
3.3400e+01 3.712101e-02 5.4245e-01 3.0242e-01
3.3200e+01 3.734464e-02 5.3584e-01 3.1151e-01
3.3000e+01 3.757097e-02 5.2780e-01 3.2176e-01
3.2800e+01 3.780006e-02 5.2220e-01 3.3135e-01
3.2600e+01 3.803196e-02 5.1743e-01 3.4059e-01
3.2400e+01 3.826673e-02 5.1201e-01 3.5045e-01
3.2200e+01 3.850441e-02 5.0729e-01 3.6002e-01
3.2000e+01 3.874506e-02 5.0466e-01 3.6824e-01
3.1800e+01 3.898874e-02 5.0167e-01 3.7847e-01
3.1600e+01 3.923550e-02 4.9932e-01 3.8994e-01
3.1400e+01 3.948541e-02 4.9502e-01 4.0031e-01
3.1200e+01 3.973852e-02 4.9061e-01 4.1043e-01
3.1000e+01 3.999490e-02 4.8855e-01 4.2307e-01
3.0800e+01 4.025461e-02 4.8678e-01 4.3567e-01
3.0600e+01 4.051771e-02 4.8523e-01 4.4816e-01
3.0400e+01 4.078427e-02 4.8404e-01 4.6071e-01
3.0200e+01 4.105437e-02 4.8359e-01 4.7368e-01

3.0000e+01 4.133000e-02 4.9300e-01 4.9000e-01
2.9500e+01 4.203000e-02 4.9300e-01 5.2100e-01
2.9000e+01 4.275000e-02 4.9400e-01 5.5200e-01
2.8500e+01 4.350000e-02 4.9600e-01 5.8400e-01
2.8000e+01 4.428000e-02 5.0100e-01 6.1600e-01
2.7500e+01 4.508000e-02 5.0800e-01 6.4800e-01
2.7000e+01 4.592000e-02 5.1600e-01 6.7900e-01
2.6500e+01 4.678000e-02 5.2700e-01 7.0800e-01
2.6000e+01 4.769000e-02 5.3800e-01 7.3600e-01
2.5500e+01 4.862000e-02 5.5000e-01 7.6300e-01
2.5000e+01 4.959000e-02 5.6200e-01 7.8700e-01
2.4500e+01 5.060000e-02 5.7400e-01 8.1000e-01
2.4000e+01 5.166000e-02 5.8600e-01 8.2900e-01
2.3500e+01 5.276000e-02 5.9500e-01 8.4300e-01
2.3000e+01 5.391000e-02 5.9700e-01 8.5000e-01
2.2500e+01 5.510000e-02 5.7900e-01 8.4600e-01
2.2000e+01 5.635000e-02 5.1800e-01 8.8800e-01
2.1500e+01 5.767000e-02 4.8300e-01 9.6900e-01
2.1000e+01 5.904000e-02 4.8700e-01 1.0520e+00
2.0500e+01 6.048000e-02 5.0300e-01 1.1300e+00
2.0000e+01 6.199000e-02 5.2700e-01 1.2030e+00
1.9500e+01 6.358000e-02 5.5700e-01 1.2730e+00
1.9000e+01 6.525000e-02 5.8900e-01 1.3410e+00
1.8500e+01 6.702000e-02 6.2600e-01 1.4080e+00
1.8000e+01 6.888000e-02 6.6500e-01 1.4760e+00
1.7500e+01 7.085000e-02 7.0700e-01 1.5460e+00
1.7000e+01 7.293000e-02 7.5300e-01 1.6190e+00
1.6500e+01 7.514000e-02 8.0500e-01 1.6920e+00
1.6000e+01 7.749000e-02 8.6100e-01 1.7670e+00
1.5500e+01 7.999000e-02 9.1700e-01 1.8450e+00
1.5000e+01 8.266000e-02 9.7200e-01 1.9290e+00
1.4750e+01 8.405000e-02 9.9400e-01 1.9780e+00
1.4500e+01 8.551000e-02 1.0180e+00 2.0340e+00
1.4250e+01 8.700000e-02 1.0410e+00 2.1020e+00
1.4000e+01 8.856000e-02 1.0700e+00 2.1780e+00
1.3750e+01 9.017000e-02 1.0980e+00 2.2680e+00
1.3500e+01 9.184000e-02 1.1290e+00 2.3790e+00
1.3250e+01 9.357000e-02 1.1660e+00 2.5220e+00
1.3000e+01 9.537000e-02 1.2230e+00 2.7220e+00
1.2800e+01 9.686000e-02 1.3120e+00 2.9530e+00
1.2600e+01 9.839000e-02 1.5320e+00 3.2650e+00
1.2400e+01 9.998000e-02 1.9830e+00 3.3820e+00
1.2200e+01 1.016000e-01 2.3830e+00 3.3540e+00
1.2000e+01 1.033000e-01 2.7360e+00 3.2280e+00
1.1750e+01 1.055000e-01 3.0900e+00 2.9860e+00
1.1500e+01 7.107800e+04 3.3460e+00 2.6930e+00
1.1250e+01 1.102000e-01 3.5070e+00 2.3800e+00

1.1000e+01 1.127000e-01 3.5820e+00 2.0780e+00
1.0750e+01 1.153000e-01 3.6000e+00 1.8130e+00
1.0500e+01 1.181000e-01 3.5650e+00 1.5810e+00
1.0250e+01 1.210000e-01 3.5140e+00 1.4030e+00
1.0000e+01 1.240000e-01 3.4530e+00 1.2580e+00
9.7500e+00 1.272000e-01 3.3980e+00 1.1470e+00
9.5000e+00 1.305000e-01 3.3480e+00 1.0550e+00
9.2500e+00 1.340000e-01 3.3080e+00 9.7800e-01
9.0000e+00 1.378000e-01 3.2720e+00 9.1000e-01
8.7500e+00 1.417000e-01 3.2470e+00 8.5500e-01
8.5000e+00 1.459000e-01 3.2280e+00 8.0600e-01
8.2500e+00 1.503000e-01 3.2320e+00 7.6500e-01
8.0000e+00 1.550000e-01 3.2510e+00 7.1200e-01
7.8000e+00 1.590000e-01 3.2760e+00 6.5900e-01
7.6000e+00 1.631000e-01 3.3060e+00 5.9200e-01
7.5000e+00 1.653000e-01 3.3210e+00 5.5300e-01
7.4000e+00 1.675000e-01 3.3350e+00 5.1500e-01
7.3000e+00 1.698000e-01 3.3760e+00 4.7300e-01
7.2000e+00 1.722000e-01 3.4370e+00 3.8800e-01
7.1500e+00 1.734000e-01 3.4640e+00 3.0700e-01
7.1000e+00 1.746000e-01 3.4440e+00 2.1000e-01
7.0000e+00 1.771000e-01 3.3220e+00 9.3500e-02
6.9000e+00 1.797000e-01 3.2200e+00 5.2400e-02
6.8000e+00 1.823000e-01 3.1460e+00 3.4400e-02
6.7000e+00 1.851000e-01 3.0850e+00 2.2000e-02
6.6000e+00 1.879000e-01 3.0310e+00 1.4700e-02
6.5000e+00 1.907000e-01 2.9850e+00 1.1000e-02
6.4000e+00 1.937000e-01 2.9440e+00 9.8700e-03
6.3000e+00 1.968000e-01 2.9100e+00 9.7400e-03
6.2000e+00 2.000000e-01 2.8790e+00 9.3000e-03
6.1000e+00 2.033000e-01 2.8520e+00 8.6200e-03
6.0000e+00 2.066000e-01 2.8260e+00 7.9900e-03
5.8000e+00 2.138000e-01 2.7800e+00 5.0200e-03

5.6000e+00 2.214000e-01 2.7400e+00 1.4800e-03
5.4739e+00 2.265040e-01 2.7151e+00 2.6620e-05
5.3606e+00 2.312880e-01 2.6950e+00 7.1000e-06
5.3413e+00 2.321250e-01 2.6917e+00 7.1000e-06
4.8187e+00 2.573000e-01 2.6145e+00 1.4700e-06

4.5112e+00 2.748400e-01 2.5786e+00 1.2900e-06
3.0640e+00 4.047000e-01 2.4626e+00 3.8600e-07
3.1000e-01 3.999000e+00 2.3787e+00 1.3000e-04
2.0660e-01 6.000000e+00 2.3779e+00 5.7000e-05