# E [ev]  ε1            ε2            σ [Mb]
2.066e-01 5.7078572e+00 2.7512009e-04 5.0095039e-07
3.100e-01 5.7067178e+00 6.2767798e-04 1.7155922e-06
3.064e+00 6.1025813e+00 1.9294568e-06 4.5581115e-08
4.511e+00 6.7027685e+00 6.7519242e-06 1.9467021e-07
4.819e+00 6.8946606e+00 7.8011719e-06 2.2706607e-07
5.341e+00 7.3080806e+00 3.8791705e-05 1.1139545e-06
5.361e+00 7.3259554e+00 3.8839264e-05 1.1138947e-06
5.474e+00 7.4370021e+00 1.4670596e-04 4.1690498e-06
5.600e+00 7.5662400e+00 8.2312567e-03 2.3119675e-04
5.800e+00 7.7947917e+00 2.8327117e-02 7.7643284e-04
6.000e+00 8.0677645e+00 4.5832422e-02 1.2130869e-03
6.100e+00 8.2034617e+00 4.9901162e-02 1.2987286e-03
6.200e+00 8.3672460e+00 5.4347364e-02 1.3818951e-03
6.300e+00 8.5485930e+00 5.7531516e-02 1.4240515e-03
6.400e+00 8.7543002e+00 5.8980551e-02 1.4142119e-03
6.500e+00 8.9905486e+00 6.6648578e-02 1.5388500e-03
6.600e+00 9.2627501e+00 9.0439289e-02 1.9974139e-03
6.700e+00 9.5769510e+00 1.3776272e-01 2.8890192e-03
6.800e+00 9.9441997e+00 2.1967014e-01 4.3352753e-03
6.900e+00 1.0378752e+01 3.4248458e-01 6.2923875e-03
7.000e+00 1.0841684e+01 6.3047099e-01 1.0744638e-02
7.100e+00 1.1740605e+01 1.4680347e+00 2.1377869e-02
7.150e+00 1.1611305e+01 2.1585898e+00 3.1772146e-02
7.200e+00 1.0777627e+01 2.7068558e+00 4.5318356e-02
7.300e+00 1.1117541e+01 3.2412867e+00 5.0661903e-02
7.400e+00 1.0906206e+01 3.4862372e+00 5.6503712e-02
7.500e+00 1.0902014e+01 3.7277594e+00 6.0473142e-02
7.600e+00 9.5839804e+00 3.9726328e+00 8.0543192e-02
7.800e+00 1.0270584e+01 4.3821090e+00 7.8712222e-02
8.000e+00 9.6090009e+00 4.6984091e+00 9.4335013e-02
8.250e+00 9.7757049e+00 5.0186471e+00 9.8454903e-02
8.500e+00 9.6522594e+00 5.2810762e+00 1.0647405e-01
8.750e+00 9.6222905e+00 5.6351084e+00 1.1386167e-01
9.000e+00 9.6395730e+00 6.0437787e+00 1.2065405e-01
9.250e+00 9.6779129e+00 6.5668671e+00 1.2751093e-01
9.500e+00 9.7189811e+00 7.1695480e+00 1.3408014e-01
9.750e+00 9.7441903e+00 7.9111690e+00 1.4058992e-01
1.000e+01 9.7177968e+00 8.8172081e+00 1.4704148e-01
1.025e+01 9.5734316e+00 1.0007217e+01 1.5356358e-01
1.050e+01 9.2080729e+00 1.1440507e+01 1.5992835e-01
1.075e+01 8.4882448e+00 1.3248118e+01 1.6518299e-01
1.100e+01 7.2873061e+00 1.5108627e+01 1.6959763e-01
1.125e+01 5.5236611e+00 1.6942075e+01 1.7234651e-01
1.150e+01 3.2005389e+00 1.8290103e+01 1.7517460e-01
1.175e+01 4.0411317e-01 1.8728464e+01 1.8006191e-01
1.200e+01 -1.0263139e+00 1.7926830e+01 1.9157769e-01
1.220e+01 -4.6010537e+00 1.6223366e+01 1.9985243e-01
1.240e+01 -5.8774649e+00 1.3612885e+01 2.2045672e-01
1.260e+01 -6.3662853e+00 1.0153034e+01 2.5577544e-01
1.280e+01 -6.0331375e+00 7.8641385e+00 2.9420221e-01
1.300e+01 -5.9657841e+00 6.7572260e+00 3.1043670e-01
1.325e+01 -4.6988516e+00 5.9689440e+00 3.9352236e-01
1.350e+01 -4.2184692e+00 5.4518293e+00 4.4474066e-01
1.375e+01 -3.8253278e+00 5.0547451e+00 4.9663990e-01
1.400e+01 -3.5102141e+00 4.7303745e+00 5.4803315e-01
1.425e+01 -3.2455544e+00 4.4415782e+00 6.0055632e-01
1.450e+01 -3.0002435e+00 4.2029342e+00 6.5621945e-01
1.475e+01 -2.6603790e+00 3.9908604e+00 7.3473796e-01
1.500e+01 -3.5569072e+00 3.8058561e+00 6.0406547e-01
1.550e+01 -2.3924885e+00 3.4341525e+00 8.7250876e-01
1.600e+01 -2.2679643e+00 3.0881157e+00 9.6643402e-01
1.650e+01 -2.1214153e+00 2.7647133e+00 1.0785966e+00
1.700e+01 -1.9755493e+00 2.4745469e+00 1.2047516e+00
1.750e+01 -1.8322797e+00 2.2186192e+00 1.3464925e+00
1.800e+01 -1.6928747e+00 1.9923327e+00 1.5065048e+00
1.850e+01 -1.5570979e+00 1.7890845e+00 1.6894261e+00
1.900e+01 -1.4235303e+00 1.6032378e+00 1.9027568e+00
1.950e+01 -1.2906505e+00 1.4392541e+00 2.1563061e+00
2.000e+01 -1.1564641e+00 1.2868565e+00 2.4687799e+00
2.050e+01 -1.0186763e+00 1.1537197e+00 2.8669457e+00
2.100e+01 -8.7521181e-01 1.0399167e+00 3.3942194e+00
2.150e+01 -7.2793999e-01 9.5000256e-01 4.0943669e+00
2.200e+01 -5.9277761e-01 9.3367686e-01 4.8220553e+00
2.250e+01 -4.9402945e-01 9.9426647e-01 5.2112336e+00
2.300e+01 -4.3794125e-01 1.0300235e+00 5.4300270e+00
2.350e+01 -4.0763161e-01 1.0181187e+00 5.7119804e+00
2.400e+01 -3.8523872e-01 9.8606607e-01 6.0632091e+00
2.450e+01 -3.6314160e-01 9.4373656e-01 6.4928799e+00
2.500e+01 -3.3960446e-01 8.9776964e-01 6.9949078e+00
2.550e+01 -3.1462978e-01 8.5180679e-01 7.5638650e+00
2.600e+01 -2.8832554e-01 8.0373700e-01 8.2295055e+00
2.650e+01 -2.6064472e-01 7.5735194e-01 8.9830394e+00
2.700e+01 -2.3170225e-01 7.1116986e-01 9.8551963e+00
2.750e+01 -2.0178294e-01 6.6817864e-01 1.0829913e+01
2.800e+01 -1.7121681e-01 6.2642965e-01 1.1942214e+01
2.850e+01 -1.4061184e-01 5.8796083e-01 1.3165285e+01
2.900e+01 -1.1151950e-01 5.5350289e-01 1.4457229e+01
2.950e+01 -9.0077283e-02 5.2136096e-01 1.5776024e+01
3.000e+01 8.4578108e-02 4.9033949e-01 1.7060033e+01
3.020e+01 -9.9513667e-02 4.6496068e-01 1.7833123e+01
3.040e+01 -5.1103014e-02 4.5265025e-01 1.9041390e+01
3.060e+01 -2.9854188e-02 4.4140231e-01 1.9814949e+01
3.080e+01 -1.9399765e-02 4.3047135e-01 2.0502820e+01
3.100e+01 1.1446132e-01 4.1954168e-01 1.9746740e+01
3.109e+01 -2.6503173e-02 3.6006655e-01 2.4659236e+01
3.120e+01 -5.2936524e-02 4.0872327e-01 2.1557025e+01
3.140e+01 4.8952477e-02 4.0222870e-01 2.2088155e+01
3.160e+01 5.6051942e-02 3.9521245e-01 2.2505860e+01
3.180e+01 6.7413378e-02 3.8539268e-01 2.2989148e+01
3.200e+01 7.9762119e-02 3.7721045e-01 2.3316206e+01
3.220e+01 9.2135782e-02 3.7071213e-01 2.3489653e+01
3.240e+01 1.0403160e-01 3.6421546e-01 2.3616417e+01
3.260e+01 1.1539211e-01 3.5771518e-01 2.3701533e+01
3.280e+01 1.2598692e-01 3.5121877e-01 2.3758300e+01
3.300e+01 1.3305096e-01 3.4471113e-01 2.3924055e+01
3.320e+01 4.2630815e-01 3.3881372e-01 1.0892154e+01
3.324e+01 -1.5486470e-01 3.0946390e-01 2.4661387e+01
3.340e+01 1.4330290e-01 3.3298456e-01 2.4300532e+01
3.360e+01 1.7946915e-01 3.2660489e-01 2.2688760e+01
3.380e+01 1.8928633e-01 3.2010172e-01 2.2464064e+01
3.400e+01 2.0206248e-01 3.1360691e-01 2.1997866e+01
3.420e+01 2.1691067e-01 3.0732481e-01 2.1328452e+01
3.440e+01 2.3443670e-01 3.0348278e-01 2.0383523e+01
3.460e+01 2.5796386e-01 2.9963158e-01 1.9042550e+01
3.480e+01 3.0540519e-01 2.9313476e-01 1.6345420e+01
3.500e+01 2.2757674e-01 2.8663382e-01 2.1505060e+01
3.553e+01 1.4214263e-01 2.6528185e-01 2.9877567e+01
3.798e+01 3.7242388e-01 2.2644306e-01 1.2998773e+01
4.060e+01 4.4712348e-01 1.9272790e-01 9.4776283e+00
4.340e+01 5.1306471e-01 1.6339593e-01 7.0232913e+00
4.640e+01 5.7056359e-01 1.3800513e-01 5.3354392e+00
4.960e+01 6.2101387e-01 1.1614923e-01 4.1441431e+00
5.302e+01 6.6547936e-01 9.7430620e-02 3.2790412e+00
5.668e+01 7.0478599e-01 8.1453049e-02 2.6335369e+00
6.059e+01 7.3959335e-01 6.7888432e-02 2.1411754e+00
6.477e+01 7.7044525e-01 5.6410286e-02 1.7579923e+00
6.924e+01 7.9779335e-01 4.6752150e-02 1.4553702e+00
7.402e+01 8.2203040e-01 3.8648634e-02 1.2128822e+00
7.912e+01 8.4349857e-01 3.1877522e-02 1.0164665e+00
8.458e+01 8.6250346e-01 2.6219538e-02 8.5521865e-01
9.042e+01 8.7931717e-01 2.1517810e-02 7.2210321e-01
9.666e+01 8.9418498e-01 1.7612795e-02 6.1113227e-01
1.033e+02 9.0731980e-01 1.4388369e-02 5.1842733e-01
1.105e+02 9.1891847e-01 1.1730090e-02 4.4051639e-01
1.181e+02 9.2915105e-01 9.5520512e-03 3.7509625e-01
1.262e+02 9.3817735e-01 7.7348254e-03 3.1848696e-01
1.349e+02 9.4614614e-01 6.2481743e-03 2.7041893e-01
1.442e+02 9.5318013e-01 5.0385070e-03 2.2968776e-01
1.542e+02 9.5938767e-01 4.0595846e-03 1.9528020e-01
1.648e+02 9.6487250e-01 3.2681158e-03 1.6615120e-01
1.762e+02 9.6972631e-01 2.6279183e-03 1.4139661e-01
1.884e+02 9.7403782e-01 2.1113850e-03 1.2037067e-01
2.014e+02 9.7789305e-01 1.6950436e-03 1.0249013e-01
2.153e+02 9.8138253e-01 1.3600082e-03 8.7282212e-02
2.301e+02 9.8461894e-01 1.0905624e-03 7.4328331e-02
2.460e+02 9.8778170e-01 8.7373678e-04 6.3252315e-02
2.630e+02 9.9139294e-01 6.9965776e-04 5.3751420e-02
2.781e+02 9.9711539e-01 5.8043022e-04 4.6621451e-02
2.811e+02 9.9951017e-01 5.6020968e-04 4.5263683e-02
2.824e+02 1.0015532e+00 5.5170867e-04 4.4594919e-02
2.835e+02 1.0033497e+00 5.4452716e-04 4.4033238e-02
2.852e+02 9.9935511e-01 1.1957501e-02 9.8040452e-01
2.895e+02 9.9445761e-01 1.1428546e-02 9.6042165e-01
3.005e+02 9.9183092e-01 1.0194818e-02 8.9414889e-01
3.212e+02 9.9189567e-01 8.3101311e-03 7.7906577e-01
3.434e+02 9.9141817e-01 6.7309509e-03 6.7522567e-01
3.671e+02 9.9161468e-01 5.4170130e-03 5.8069157e-01
3.924e+02 9.9209343e-01 4.3362658e-03 4.9643811e-01
4.195e+02 9.9269930e-01 3.4548125e-03 4.2230256e-01
4.485e+02 9.9335208e-01 2.7413846e-03 3.5774869e-01
4.794e+02 9.9400579e-01 2.1703625e-03 3.0237630e-01
5.125e+02 9.9463433e-01 1.7125285e-03 2.5473139e-01
5.479e+02 9.9522346e-01 1.3485027e-03 2.1417095e-01
5.857e+02 9.9576595e-01 1.0603256e-03 1.7982616e-01
6.261e+02 9.9625915e-01 8.3210877e-04 1.5070955e-01
6.693e+02 9.9670353e-01 6.5200178e-04 1.2612459e-01
7.154e+02 9.9710113e-01 5.1020233e-04 1.0542044e-01
7.648e+02 9.9745499e-01 3.9864691e-04 8.7991500e-02
8.176e+02 9.9776861e-01 3.1109383e-04 7.3358105e-02
8.740e+02 9.9804574e-01 2.4253838e-04 6.1104586e-02
9.343e+02 9.9829019e-01 1.8885579e-04 5.0838007e-02
9.988e+02 9.9987735e-01 1.4688029e-04 4.2132759e-02
1.000e+03 9.9726494e-01 1.5586254e-04 4.4999628e-02
1.068e+03 9.9869059e-01 1.1402716e-04 3.5048683e-02
1.141e+03 9.9885580e-01 8.8384803e-05 2.9031891e-02
1.220e+03 9.9900064e-01 6.8004492e-05 2.3871858e-02
1.304e+03 9.9912748e-01 5.2345794e-05 1.9638084e-02
1.394e+03 9.9923843e-01 4.0290887e-05 1.6154996e-02
1.490e+03 9.9939044e-01 3.1012161e-05 1.3288504e-02
1.500e+03 9.9929080e-01 3.2906664e-05 1.4193177e-02
1.593e+03 9.9941948e-01 2.3869397e-05 1.0932944e-02
1.703e+03 9.9949513e-01 1.8376171e-05 8.9962786e-03
1.821e+03 9.9956225e-01 1.4146913e-05 7.4026998e-03
1.946e+03 9.9964085e-01 1.0890496e-05 6.0909738e-03
2.000e+03 9.9962553e-01 1.0665763e-05 6.1296479e-03
3.000e+03 9.9983997e-01 2.1225785e-06 1.8289941e-03
4.000e+03 9.9990975e-01 6.6581713e-07 7.6485946e-04
5.000e+03 9.9994228e-01 2.6956958e-07 3.8706091e-04
6.000e+03 9.9995993e-01 1.2865180e-07 2.2166147e-04
8.000e+03 9.9997752e-01 4.0322647e-08 9.2628970e-05
1.000e+04 9.9998561e-01 1.6728259e-08 4.8034307e-05
1.500e+04 9.9999361e-01 3.7930546e-09 1.6337071e-05
2.000e+04 9.9999641e-01 1.5579204e-09 8.9467784e-06
3.000e+04 9.9999840e-01 6.0201994e-10 5.1858721e-06
4.000e+04 9.9999910e-01 3.6586458e-10 4.2021294e-06
5.000e+04 9.9999943e-01 2.6378906e-10 3.7871768e-06
6.000e+04 9.9999960e-01 2.0596037e-10 3.5483263e-06
8.000e+04 9.9999978e-01 1.4186945e-10 3.2588724e-06
1.000e+05 9.9999986e-01 1.0672812e-10 3.0645541e-06
1.500e+05 9.9999994e-01 6.3303736e-11 2.7265216e-06
2.000e+05 9.9999996e-01 4.3318648e-11 2.4876725e-06
3.000e+05 9.9999998e-01 2.5048917e-11 2.1577370e-06
4.000e+05 9.9999999e-01 1.6823426e-11 1.9322474e-06
5.000e+05 9.9999999e-01 1.2287128e-11 1.7640410e-06
6.000e+05 1.0000000e+00 9.4673627e-12 1.6310548e-06
8.000e+05 1.0000000e+00 6.2352065e-12 1.4322839e-06
1.000e+06 1.0000000e+00 4.4841321e-12 1.2875577e-06
1.250e+06 1.0000000e+00 3.2088932e-12 1.1517376e-06
1.500e+06 1.0000000e+00 2.4339276e-12 1.0483039e-06
2.000e+06 1.0000000e+00 1.5656748e-12 8.9912453e-07
3.000e+06 1.0000000e+00 8.3700040e-13 7.2099990e-07
4.000e+06 1.0000000e+00 5.3698910e-13 6.1675651e-07
5.000e+06 1.0000000e+00 3.8179625e-13 5.4813805e-07
6.000e+06 1.0000000e+00 2.9008338e-13 4.9976102e-07
8.000e+06 1.0000000e+00 1.8980547e-13 4.3600050e-07
1.000e+07 1.0000000e+00 1.3809802e-13 3.9652970e-07
1.500e+07 1.0000000e+00 7.9799364e-14 3.4369956e-07
2.000e+07 1.0000000e+00 5.5514134e-14 3.1880260e-07
