# E [ev]  ε1            ε2            σ [Mb]
1.240e-01 1.1710084e+01 4.6265440e-04 4.2437250e-07
2.480e-01 1.1737476e+01 1.3635480e-06 2.4897833e-09
4.568e-01 1.1826721e+01 1.7195000e-08 5.6962421e-11
1.500e+00 1.3490904e+01 3.6730000e-02 3.0705469e-04
1.520e+00 1.3549725e+01 4.4172000e-02 3.7094878e-04
1.540e+00 1.3601308e+01 4.4256000e-02 3.7369372e-04
1.560e+00 1.3667760e+01 5.1758000e-02 4.3841968e-04
1.580e+00 1.3726976e+01 5.1870000e-02 4.4117029e-04
1.600e+00 1.3793732e+01 5.9424000e-02 5.0687294e-04
1.620e+00 1.3845777e+01 5.9536000e-02 5.1031795e-04
1.640e+00 1.3897903e+01 6.7104000e-02 5.7792629e-04
1.660e+00 1.3957615e+01 6.7248000e-02 5.8122438e-04
1.680e+00 1.4024925e+01 7.4900000e-02 6.4888314e-04
1.700e+00 1.4077404e+01 7.5040000e-02 6.5293978e-04
1.720e+00 1.4145000e+01 8.2742000e-02 7.2147713e-04
1.740e+00 1.4197703e+01 8.2896000e-02 7.2580627e-04
1.760e+00 1.4273140e+01 9.0672000e-02 7.9454437e-04
1.780e+00 1.4341200e+01 9.8462000e-02 8.6434290e-04
1.800e+00 1.4409447e+01 9.8696000e-02 8.6785251e-04
1.820e+00 1.4477856e+01 9.8930000e-02 8.7128349e-04
1.840e+00 1.4554029e+01 1.0682000e-01 9.4117287e-04
1.860e+00 1.4638051e+01 1.1478000e-01 1.0105896e-03
1.880e+00 1.4722313e+01 1.2278400e-01 1.0802050e-03
1.900e+00 1.4799153e+01 1.2310400e-01 1.0832055e-03
1.920e+00 1.4883875e+01 1.3117200e-01 1.1530960e-03
1.940e+00 1.4976576e+01 1.3932000e-01 1.2221976e-03
1.960e+00 1.5069563e+01 1.4751600e-01 1.2913416e-03
1.980e+00 1.5154965e+01 1.7129200e-01 1.4977033e-03
2.000e+00 1.5256352e+01 1.7186400e-01 1.4977774e-03
2.020e+00 1.5350148e+01 1.8806400e-01 1.6351424e-03
2.040e+00 1.5452136e+01 1.9655000e-01 1.7031182e-03
2.060e+00 1.5546624e+01 1.9715000e-01 1.7041619e-03
2.080e+00 1.5649207e+01 2.1362400e-01 1.8400798e-03
2.100e+00 1.5752061e+01 2.3814000e-01 2.0439322e-03
2.120e+00 1.5863389e+01 2.3898000e-01 2.0417181e-03
2.140e+00 1.5975280e+01 2.1583800e-01 1.8354997e-03
2.160e+00 1.6095244e+01 2.4072000e-01 2.0354598e-03
2.180e+00 1.6207520e+01 2.7376800e-01 2.3039392e-03
2.200e+00 1.6336740e+01 2.5868800e-01 2.1624604e-03
2.220e+00 1.6457805e+01 3.0833200e-01 2.5625020e-03
2.240e+00 1.6588305e+01 2.6067200e-01 2.1518898e-03
2.260e+00 1.6717985e+01 3.5983200e-01 2.9500412e-03
2.280e+00 1.6857300e+01 3.6132800e-01 2.9393399e-03
2.300e+00 1.6996825e+01 3.9580800e-01 3.1947010e-03
2.320e+00 1.7137575e+01 3.7260000e-01 2.9841162e-03
2.340e+00 1.7295432e+01 3.5767400e-01 2.8368970e-03
2.360e+00 1.7444520e+01 4.4276200e-01 3.4807552e-03
2.380e+00 1.7603280e+01 4.6995200e-01 3.6586656e-03
2.400e+00 1.7762625e+01 5.0580000e-01 3.8995333e-03
2.420e+00 1.7931625e+01 5.0820000e-01 3.8765993e-03
2.440e+00 1.8099841e+01 6.1272000e-01 4.6237445e-03
2.460e+00 1.8288373e+01 5.6456400e-01 4.2079769e-03
2.480e+00 1.8467475e+01 6.2750800e-01 4.6232102e-03
2.500e+00 1.8657071e+01 6.3072000e-01 4.5896810e-03
2.520e+00 1.8855720e+01 6.6882200e-01 4.8025031e-03
2.540e+00 1.9064448e+01 6.8998600e-01 4.8847899e-03
2.560e+00 1.9273992e+01 7.2890600e-01 5.0878737e-03
2.580e+00 1.9492220e+01 8.3020800e-01 5.7080236e-03
2.600e+00 1.9723264e+01 7.9956000e-01 5.4118103e-03
2.620e+00 1.9930756e+01 1.0718400e+00 7.1502030e-03
2.640e+00 2.0190625e+01 1.0788000e+00 7.0663661e-03
2.660e+00 2.0430528e+01 1.2118960e+00 7.8064080e-03
2.680e+00 2.0712648e+01 1.1928860e+00 7.5337854e-03
2.700e+00 2.0986989e+01 1.1915800e+00 7.3854645e-03
2.720e+00 2.1281064e+01 1.2091300e+00 7.3425070e-03
2.740e+00 2.1586215e+01 1.2363680e+00 7.3504142e-03
2.760e+00 2.1898923e+01 1.3952360e+00 8.1122393e-03
2.780e+00 2.2237323e+01 1.4059640e+00 7.9856495e-03
2.800e+00 2.2564440e+01 1.5494780e+00 8.6028059e-03
2.820e+00 2.2924781e+01 1.6289400e+00 8.8215615e-03
2.840e+00 2.3304336e+01 1.7874700e+00 9.4259473e-03
2.860e+00 2.3702159e+01 1.8026400e+00 9.2551463e-03
2.880e+00 2.4129420e+01 1.9074080e+00 9.5109924e-03
2.900e+00 2.4570312e+01 2.0141660e+00 9.7488209e-03
2.920e+00 2.5045560e+01 2.1137980e+00 9.9103999e-03
2.940e+00 2.5531380e+01 2.3064480e+00 1.0466499e-02
2.960e+00 2.6042345e+01 2.4931920e+00 1.0937392e-02
2.980e+00 2.6601871e+01 2.6336400e+00 1.1140411e-02
3.000e+00 2.7196923e+01 2.8094360e+00 1.1436154e-02
3.020e+00 2.7835975e+01 3.0752880e+00 1.2011576e-02
3.040e+00 2.8513832e+01 3.3484740e+00 1.2527083e-02
3.060e+00 2.9268159e+01 3.5663600e+00 1.2733383e-02
3.080e+00 3.0047024e+01 3.9000300e+00 1.3272380e-02
3.100e+00 3.0875131e+01 4.3111800e+00 1.3948998e-02
3.120e+00 3.1794660e+01 4.7041280e+00 1.4411527e-02
3.140e+00 3.2785600e+01 5.2385280e+00 1.5136069e-02
3.160e+00 3.3873939e+01 5.9004200e+00 1.5997288e-02
3.180e+00 3.5063983e+01 6.6736560e+00 1.6896757e-02
3.200e+00 3.6350944e+01 7.6381200e+00 1.7969276e-02
3.220e+00 3.7744429e+01 8.8321800e+00 1.9197957e-02
3.240e+00 3.9227631e+01 1.0295080e+01 2.0570822e-02
3.260e+00 4.0735279e+01 1.2194280e+01 2.2302265e-02
3.280e+00 4.2130125e+01 1.4618700e+01 2.4457512e-02
3.300e+00 4.3265640e+01 1.7725178e+01 2.7140877e-02
3.320e+00 4.3739472e+01 2.1444046e+01 3.0432529e-02
3.340e+00 4.3138341e+01 2.5540460e+01 3.4429566e-02
3.360e+00 4.1481055e+01 2.9481048e+01 3.8797446e-02
3.380e+00 3.8791089e+01 3.2885840e+01 4.3596122e-02
3.400e+00 3.5219459e+01 3.5284020e+01 4.8961463e-02
3.420e+00 3.1490703e+01 3.6346696e+01 5.4519498e-02
3.440e+00 2.8183597e+01 3.6314796e+01 5.9967380e-02
3.460e+00 2.5600707e+01 3.5635124e+01 6.4961231e-02
3.480e+00 2.3710613e+01 3.4696116e+01 6.9351351e-02
3.500e+00 2.2387904e+01 3.3817080e+01 7.2992200e-02
3.520e+00 2.1421224e+01 3.3078970e+01 7.6047983e-02
3.540e+00 2.0681243e+01 3.2532276e+01 7.8608484e-02
3.560e+00 2.0072433e+01 3.2125744e+01 8.0844495e-02
3.580e+00 1.9574607e+01 3.1834576e+01 8.2774626e-02
3.600e+00 1.9125447e+01 3.1638304e+01 8.4529970e-02
3.620e+00 1.8708096e+01 3.1513390e+01 8.6156599e-02
3.640e+00 1.8321312e+01 3.1459234e+01 8.7640843e-02
3.660e+00 1.7955175e+01 3.1442568e+01 8.9038436e-02
3.680e+00 1.7586520e+01 3.1477962e+01 9.0375472e-02
3.700e+00 1.7232972e+01 3.1534096e+01 9.1647107e-02
3.720e+00 1.6877715e+01 3.1615172e+01 9.2882748e-02
3.740e+00 1.6534616e+01 3.1743690e+01 9.4004788e-02
3.760e+00 1.6174641e+01 3.1874320e+01 9.5153705e-02
3.780e+00 1.5848525e+01 3.2038332e+01 9.6149119e-02
3.800e+00 1.5529101e+01 3.2233660e+01 9.7054845e-02
3.820e+00 1.5212183e+01 3.2443944e+01 9.7907077e-02
3.840e+00 1.4891036e+01 3.2679360e+01 9.8698485e-02
3.860e+00 1.4565216e+01 3.2939950e+01 9.9425301e-02
3.880e+00 1.4254341e+01 3.3239020e+01 1.0001263e-01
3.900e+00 1.3964540e+01 3.3567072e+01 1.0046515e-01
3.920e+00 1.3655148e+01 3.3941264e+01 1.0083087e-01
3.940e+00 1.3332040e+01 3.4351722e+01 1.0111204e-01
3.960e+00 1.3010571e+01 3.4839540e+01 1.0118422e-01
3.980e+00 1.2636240e+01 3.5353522e+01 1.0125707e-01
4.000e+00 1.2233531e+01 3.5941740e+01 1.0116795e-01
4.020e+00 1.1827725e+01 3.6609500e+01 1.0085625e-01
4.040e+00 1.1341924e+01 3.7333920e+01 1.0049112e-01
4.060e+00 1.0775596e+01 3.8131920e+01 1.0001394e-01
4.080e+00 1.0117216e+01 3.9013170e+01 9.9396518e-02
4.100e+00 9.3679590e+00 3.9949160e+01 9.8677288e-02
4.120e+00 8.4247480e+00 4.0958064e+01 9.7892650e-02
4.140e+00 7.3163850e+00 4.2031592e+01 9.6972749e-02
4.160e+00 5.9783040e+00 4.3150590e+01 9.5948521e-02
4.180e+00 4.3430810e+00 4.4271360e+01 9.4859903e-02
4.200e+00 2.3722230e+00 4.5350864e+01 9.3684107e-02
4.220e+00 -6.7319000e-02 4.6243320e+01 9.2565978e-02
4.240e+00 -2.9315250e+00 4.6756908e+01 9.1623126e-02
4.260e+00 -6.1293390e+00 4.6679900e+01 9.1000674e-02
4.280e+00 -9.4554770e+00 4.5779436e+01 9.0953471e-02
4.300e+00 -1.2410629e+01 4.4087940e+01 9.1668311e-02
4.320e+00 -1.4767920e+01 4.1869422e+01 9.3079088e-02
4.340e+00 -1.6333269e+01 3.9501580e+01 9.5174093e-02
4.360e+00 -1.7450260e+01 3.7291632e+01 9.7290760e-02
4.380e+00 -1.8216432e+01 3.5267074e+01 9.9445489e-02
4.400e+00 -1.8823936e+01 3.3346560e+01 1.0149854e-01
4.420e+00 -1.9287740e+01 3.1548192e+01 1.0344753e-01
4.440e+00 -1.9610160e+01 2.9786162e+01 1.0548155e-01
4.460e+00 -1.9812436e+01 2.8112400e+01 1.0752161e-01
4.480e+00 -1.9886720e+01 2.6481312e+01 1.0972412e-01
4.500e+00 -1.9819323e+01 2.4911964e+01 1.1220792e-01
4.520e+00 -1.9639200e+01 2.3441458e+01 1.1492311e-01
4.540e+00 -1.9343733e+01 2.2040644e+01 1.1802818e-01
4.560e+00 -1.8933201e+01 2.0753720e+01 1.2163875e-01
4.580e+00 -1.8456215e+01 1.9618152e+01 1.2562405e-01
4.600e+00 -1.7931540e+01 1.8599728e+01 1.3001951e-01
4.620e+00 -1.7354771e+01 1.7689860e+01 1.3499030e-01
4.640e+00 -1.6792160e+01 1.6888488e+01 1.4014035e-01
4.660e+00 -1.6236915e+01 1.6208012e+01 1.4555951e-01
4.680e+00 -1.5704064e+01 1.5607800e+01 1.5114176e-01
4.700e+00 -1.5189588e+01 1.5092784e+01 1.5692851e-01
4.720e+00 -1.4715352e+01 1.4629014e+01 1.6267571e-01
4.740e+00 -1.4279832e+01 1.4214474e+01 1.6834862e-01
4.760e+00 -1.3848880e+01 1.3833792e+01 1.7432148e-01
4.780e+00 -1.3450032e+01 1.3487726e+01 1.8024439e-01
4.800e+00 -1.3083477e+01 1.3194364e+01 1.8606362e-01
4.820e+00 -1.2729735e+01 1.2907408e+01 1.9201928e-01
4.840e+00 -1.2400759e+01 1.2641040e+01 1.9791376e-01
4.860e+00 -1.2089301e+01 1.2410060e+01 2.0381919e-01
4.880e+00 -1.1770857e+01 1.2185424e+01 2.1014086e-01
4.900e+00 -1.1504592e+01 1.1974306e+01 2.1584207e-01
4.920e+00 -1.1225400e+01 1.1802038e+01 2.2201253e-01
4.940e+00 -1.0959844e+01 1.1626560e+01 2.2820472e-01
4.960e+00 -1.0695024e+01 1.1477120e+01 2.3462703e-01
4.980e+00 -1.0464979e+01 1.1333700e+01 2.4058601e-01
5.000e+00 -1.0244325e+01 1.1194100e+01 2.4657029e-01
5.020e+00 -1.0020328e+01 1.1086554e+01 2.5279249e-01
5.040e+00 -9.8193920e+00 1.0988544e+01 2.5867986e-01
5.060e+00 -9.6277680e+00 1.0910826e+01 2.6448072e-01
5.080e+00 -9.4445010e+00 1.0836140e+01 2.7024254e-01
5.100e+00 -9.2900000e+00 1.0773918e+01 2.7539883e-01
5.120e+00 -9.1401350e+00 1.0721568e+01 2.8052370e-01
5.140e+00 -8.9920800e+00 1.0702462e+01 2.8556876e-01
5.160e+00 -8.8946520e+00 1.0681664e+01 2.8936209e-01
5.180e+00 -8.7943730e+00 1.0667436e+01 2.9325001e-01
5.200e+00 -8.7243950e+00 1.0659012e+01 2.9632894e-01
5.220e+00 -8.6679450e+00 1.0656848e+01 2.9902836e-01
5.240e+00 -8.6510550e+00 1.0640608e+01 3.0073403e-01
5.260e+00 -8.6542360e+00 1.0633920e+01 3.0183213e-01
5.280e+00 -8.6834910e+00 1.0606820e+01 3.0231767e-01
5.300e+00 -8.7493680e+00 1.0588774e+01 3.0171669e-01
5.320e+00 -8.8238080e+00 1.0517256e+01 3.0113103e-01
5.340e+00 -8.9201920e+00 1.0414944e+01 3.0000934e-01
5.360e+00 -9.0147480e+00 1.0279136e+01 2.9897840e-01
5.380e+00 -9.0874200e+00 1.0117472e+01 2.9853955e-01
5.400e+00 -9.1661150e+00 9.9027720e+00 2.9790039e-01
5.420e+00 -9.1948560e+00 9.7075100e+00 2.9852062e-01
5.440e+00 -9.2174440e+00 9.4872000e+00 2.9920346e-01
5.460e+00 -9.1862350e+00 9.2618520e+00 3.0143895e-01
5.480e+00 -9.1607170e+00 9.0409560e+00 3.0336981e-01
5.500e+00 -9.1076040e+00 8.8493600e+00 3.0615248e-01
5.520e+00 -9.0514640e+00 8.6658300e+00 3.0900651e-01
5.540e+00 -8.9858880e+00 8.4876660e+00 3.1217742e-01
5.560e+00 -8.8916250e+00 8.3072000e+00 3.1640955e-01
5.580e+00 -8.8197590e+00 8.1668400e+00 3.1992861e-01
5.600e+00 -8.7234270e+00 7.9957640e+00 3.2435042e-01
5.620e+00 -8.6508750e+00 7.8793000e+00 3.2805204e-01
5.640e+00 -8.5492770e+00 7.7450360e+00 3.3296040e-01
5.660e+00 -8.4559790e+00 7.6293000e+00 3.3768923e-01
5.680e+00 -8.4002000e+00 7.4926500e+00 3.4071024e-01
5.700e+00 -8.2921440e+00 7.3443200e+00 3.4607912e-01
5.720e+00 -8.2417790e+00 7.2897000e+00 3.4935747e-01
5.740e+00 -8.1685000e+00 7.1842080e+00 3.5347462e-01
5.760e+00 -8.1093040e+00 7.0986300e+00 3.5707677e-01
5.780e+00 -8.0724000e+00 6.9729580e+00 3.5929051e-01
5.800e+00 -7.9883360e+00 6.8999700e+00 3.6432488e-01
5.820e+00 -7.8984640e+00 6.7699500e+00 3.6931588e-01
5.840e+00 -7.8603440e+00 6.6872700e+00 3.7194803e-01
5.860e+00 -7.8156210e+00 6.6230200e+00 3.7511725e-01
5.880e+00 -7.7384250e+00 6.4997120e+00 3.7958514e-01
5.900e+00 -7.7194350e+00 6.4590120e+00 3.8155841e-01
5.920e+00 -7.6344690e+00 6.3408200e+00 3.8659742e-01
5.940e+00 -7.4896130e+00 6.2616840e+00 3.9587670e-01
5.960e+00 -7.5730200e+00 6.1588480e+00 3.9077212e-01
5.980e+00 -7.4998880e+00 6.0668160e+00 3.9546963e-01
6.000e+00 -7.4421810e+00 5.8761800e+00 3.9774104e-01
6.250e+00 -7.4150760e+00 5.5950400e+00 4.1107642e-01
6.500e+00 -6.7354910e+00 4.6246200e+00 4.5677394e-01
6.750e+00 -6.0848640e+00 3.9009600e+00 5.1125262e-01
7.000e+00 -5.5373760e+00 3.3418000e+00 5.6725435e-01
7.250e+00 -5.0004760e+00 2.8675200e+00 6.3465333e-01
7.500e+00 -4.5671310e+00 2.4884600e+00 6.9983485e-01
7.750e+00 -4.1427110e+00 2.1714000e+00 7.8026477e-01
8.000e+00 -3.7715160e+00 1.9120000e+00 8.6775547e-01
8.250e+00 -3.4128640e+00 1.6872000e+00 9.7412032e-01
8.500e+00 -3.1410040e+00 1.5069600e+00 1.0705429e+00
8.750e+00 -2.8415790e+00 1.3459400e+00 1.2083604e+00
9.000e+00 -2.6209110e+00 1.2184400e+00 1.3315362e+00
9.250e+00 -2.3752960e+00 1.0996800e+00 1.5059905e+00
9.500e+00 -2.1698760e+00 1.0026400e+00 1.6910014e+00
9.750e+00 -2.0013760e+00 9.2220000e-01 1.8782077e+00
1.000e+01 -1.8107640e+00 8.4456000e-01 2.1459162e+00
1.025e+01 -1.6553750e+00 7.7880000e-01 2.4194099e+00
1.050e+01 -1.5058040e+00 7.2072000e-01 2.7543936e+00
1.075e+01 -1.3868160e+00 6.7276000e-01 3.0877050e+00
1.100e+01 -1.2716160e+00 6.3104000e-01 3.4939465e+00
1.125e+01 -1.1608110e+00 5.9274000e-01 3.9815991e+00
1.150e+01 -1.0544310e+00 5.5756000e-01 4.5715727e+00
1.175e+01 -9.5301900e-01 5.2318000e-01 5.2756280e+00
1.200e+01 -8.6132000e-01 4.9498200e-01 6.1051378e+00
1.225e+01 -7.7718800e-01 4.7001600e-01 7.0797386e+00
1.250e+01 -7.0060000e-01 4.4625000e-01 8.2005121e+00
1.275e+01 -6.2835300e-01 4.2649600e-01 9.5641028e+00
1.300e+01 -5.6070000e-01 4.0867200e-01 1.1194468e+01
1.325e+01 -4.9738300e-01 3.9254400e-01 1.3141002e+01
1.350e+01 -4.3957100e-01 3.7842000e-01 1.5403141e+01
1.375e+01 -3.8596800e-01 3.6422600e-01 1.8037681e+01
1.400e+01 -3.3525600e-01 3.5255000e-01 2.1152477e+01
1.425e+01 -2.8948800e-01 3.4113400e-01 2.4633003e+01
1.450e+01 -2.4538500e-01 3.3004800e-01 2.8699450e+01
1.475e+01 -2.0506500e-01 3.2027200e-01 3.3132489e+01
1.500e+01 -1.6768400e-01 3.1008000e-01 3.7966120e+01
1.525e+01 -1.3147200e-01 2.9985400e-01 4.3269779e+01
1.550e+01 -9.8171000e-02 2.9070000e-01 4.8548162e+01
1.575e+01 -6.6352000e-02 2.8038600e-01 5.3957124e+01
1.600e+01 -3.6211000e-02 2.7186000e-01 5.8657838e+01
1.625e+01 -7.2400000e-03 2.6203800e-01 6.2855972e+01
1.650e+01 1.9197000e-02 2.5239600e-01 6.5930323e+01
1.660e+01 2.8987000e-02 2.4908400e-01 6.6697407e+01
1.670e+01 3.9312000e-02 2.4483400e-01 6.7449508e+01
1.680e+01 5.0400000e-02 2.4240800e-01 6.7386342e+01
1.700e+01 6.9993000e-02 2.3502400e-01 6.7393889e+01
1.725e+01 9.3296000e-02 2.2605000e-01 6.6139568e+01
1.750e+01 1.1645100e-01 2.1726000e-01 6.3470121e+01
1.775e+01 1.3743100e-01 2.0856000e-01 6.0192333e+01
1.800e+01 1.5906400e-01 1.9929000e-01 5.5964704e+01
1.850e+01 1.9950400e-01 1.8333000e-01 4.6862845e+01
1.900e+01 2.3762700e-01 1.6756400e-01 3.8197851e+01
1.907e+01 2.5040000e-01 1.1593800e-01 2.9453868e+01
1.937e+01 2.7090000e-01 1.0600000e-01 2.4611434e+01
1.968e+01 2.9275200e-01 1.0211400e-01 2.1204878e+01
2.000e+01 3.1451675e-01 9.4689000e-02 1.7805334e+01
2.033e+01 3.4262400e-01 8.7320000e-02 1.4403712e+01
2.066e+01 3.6787500e-01 7.9300000e-02 1.1734544e+01
2.101e+01 3.8976500e-01 7.2732000e-02 9.8598295e+00
2.138e+01 4.1213500e-01 6.5688000e-02 8.1791624e+00
2.175e+01 4.3221075e-01 5.9969000e-02 6.9486828e+00
2.214e+01 4.5398475e-01 5.4675000e-02 5.8724440e+00
2.254e+01 4.7614875e-01 5.0443000e-02 5.0305025e+00
2.296e+01 4.9737975e-01 4.5890000e-02 4.2837222e+00
2.339e+01 5.2043136e-01 4.2164800e-02 3.6694485e+00
2.384e+01 5.4247204e-01 3.8913600e-02 3.1813597e+00
2.431e+01 5.6491351e-01 3.6547200e-02 2.8122251e+00
2.480e+01 5.8625871e-01 3.4163600e-02 2.4920300e+00
2.530e+01 6.0486375e-01 3.1898000e-02 2.2312673e+00
2.583e+01 6.2689536e-01 3.0412800e-02 2.0228265e+00
2.638e+01 6.4449216e-01 2.8586800e-02 1.8379781e+00
2.695e+01 6.6231376e-01 2.7350400e-02 1.7015464e+00
2.755e+01 6.7872636e-01 2.6038400e-02 1.5772358e+00
2.818e+01 6.9532496e-01 2.5353600e-02 1.4969828e+00
2.883e+01 7.1043291e-01 2.4784200e-02 1.4342803e+00
2.952e+01 7.2740736e-01 2.4225200e-02 1.3694172e+00
3.024e+01 7.3940956e-01 2.3736000e-02 1.3303342e+00
3.100e+01 7.5497875e-01 2.3463000e-02 1.2931396e+00
3.179e+01 7.6895476e-01 2.3152800e-02 1.2615016e+00
3.263e+01 7.8306116e-01 2.2656000e-02 1.2218965e+00
3.351e+01 7.9729524e-01 2.2146400e-02 1.1832953e+00
3.444e+01 8.0805459e-01 2.1755800e-02 1.1631373e+00
3.542e+01 8.2069911e-01 2.1200400e-02 1.1301181e+00
3.647e+01 8.3344131e-01 2.0633800e-02 1.0982158e+00
3.757e+01 8.4262400e-01 1.8360000e-02 9.8498350e-01
3.875e+01 8.5551684e-01 1.9240000e-02 1.0327351e+00
4.000e+01 8.6480000e-01 1.8600000e-02 1.0086247e+00
4.133e+01 8.7787875e-01 1.7803000e-02 9.6805453e-01
4.275e+01 8.8728300e-01 1.6956000e-02 9.3361002e-01
4.428e+01 8.9673844e-01 1.5909600e-02 8.8835692e-01
4.592e+01 9.0624238e-01 1.4946400e-02 8.4746252e-01
4.769e+01 9.1388271e-01 1.3957600e-02 8.0824816e-01
4.959e+01 9.2155511e-01 1.2864000e-02 7.6178387e-01
5.166e+01 9.2925879e-01 1.1760800e-02 7.1357105e-01
5.391e+01 9.3699342e-01 1.0706080e-02 6.6674368e-01
5.636e+01 9.4475900e-01 9.7200000e-03 6.2249817e-01
5.904e+01 9.5255638e-01 8.6473600e-03 5.7069175e-01
6.199e+01 9.5646856e-01 7.6870800e-03 5.2832658e-01
6.526e+01 9.6431224e-01 6.7365200e-03 4.7952913e-01
6.888e+01 9.7021618e-01 5.8509000e-03 4.3426204e-01
7.293e+01 9.7613755e-01 5.0190400e-03 3.8965677e-01
7.749e+01 9.8207638e-01 4.2613000e-03 3.4727853e-01
8.266e+01 9.8604583e-01 3.5350800e-03 3.0484827e-01
8.856e+01 9.9999796e-01 2.8600000e-03 2.5691575e-01
9.117e+01 1.0160623e+00 2.6208000e-03 2.3476380e-01
9.393e+01 1.0444826e+00 2.4528000e-03 2.1421533e-01
9.537e+01 1.0608987e+00 2.3278000e-03 2.0007663e-01
9.686e+01 1.0691548e+00 2.2541200e-03 1.9374355e-01
9.840e+01 1.0691550e+00 2.1093600e-03 1.8418390e-01
9.919e+01 1.0691550e+00 2.0680000e-03 1.8202219e-01
1.000e+02 1.0650216e+00 3.1785600e-03 2.8424875e-01
1.008e+02 1.0608750e+00 1.0300000e-02 9.3565827e-01
1.016e+02 1.0500490e+00 4.9200000e-02 4.5885572e+00
1.020e+02 1.0480944e+00 5.3662840e-02 5.0410954e+00
1.040e+02 1.0259189e+00 5.1875840e-02 5.1862363e+00
1.070e+02 1.0134389e+00 4.9745800e-02 5.2443150e+00
1.100e+02 1.0072440e+00 4.7986420e-02 5.2655765e+00
1.120e+02 1.0042629e+00 4.6711840e-02 5.2504977e+00
1.150e+02 1.0010899e+00 4.5236160e-02 5.2546094e+00
1.180e+02 9.9868057e-01 4.3781604e-02 5.2441545e+00
1.210e+02 9.9667263e-01 4.2338944e-02 5.2218715e+00
1.240e+02 9.9504079e-01 4.1106476e-02 5.2131291e+00
1.270e+02 9.9370870e-01 3.9882000e-02 5.1946028e+00
1.300e+02 9.9253624e-01 3.8662260e-02 5.1673543e+00
1.330e+02 9.9154304e-01 3.7447344e-02 5.1312052e+00
1.360e+02 9.9066545e-01 3.6434934e-02 5.1145177e+00
1.400e+02 9.8963211e-01 3.5221584e-02 5.1006845e+00
1.430e+02 9.8893332e-01 3.4214240e-02 5.0684861e+00
1.470e+02 9.8805866e-01 3.3005780e-02 5.0355440e+00
1.500e+02 9.8745551e-01 3.2200416e-02 5.0193209e+00
1.540e+02 9.8659707e-01 3.1192760e-02 5.0009193e+00
1.580e+02 9.8555980e-01 3.0183248e-02 4.9755240e+00
1.620e+02 9.8454827e-01 2.8778150e-02 4.8744075e+00
1.660e+02 9.8454827e-01 2.8778150e-02 4.9947632e+00
1.700e+02 9.8342406e-01 2.5389056e-02 4.5239034e+00
1.740e+02 9.8326298e-01 2.3998414e-02 4.3784728e+00
1.780e+02 9.8321993e-01 2.2609392e-02 4.2205284e+00
1.820e+02 9.8323540e-01 2.1221096e-02 4.0505202e+00
1.870e+02 9.8330939e-01 1.9833400e-02 3.8892927e+00
1.910e+02 9.8335956e-01 1.8762775e-02 3.7578248e+00
1.960e+02 9.8357014e-01 1.7435668e-02 3.5820893e+00
2.010e+02 9.8383837e-01 1.6227811e-02 3.4172694e+00
2.060e+02 9.8412483e-01 1.5138836e-02 3.2654680e+00
2.110e+02 9.8439030e-01 1.4128786e-02 3.1199817e+00
2.160e+02 9.8473441e-01 1.3158694e-02 2.9726216e+00
2.210e+02 9.8509734e-01 1.2287645e-02 2.8380755e+00
2.270e+02 9.8555978e-01 1.1317578e-02 2.6825326e+00
2.320e+02 9.8594105e-01 1.0604813e-02 2.5670110e+00
2.380e+02 9.8638211e-01 9.8126184e-03 2.4345426e+00
2.440e+02 9.8680281e-01 9.0795846e-03 2.3075289e+00
2.500e+02 9.8724294e-01 8.4059406e-03 2.1869338e+00
2.560e+02 9.8766275e-01 7.8114252e-03 2.0792878e+00
2.620e+02 9.8808232e-01 7.2564190e-03 1.9751625e+00
2.690e+02 9.8856154e-01 6.6814944e-03 1.8654667e+00
2.750e+02 9.8894089e-01 6.2253196e-03 1.7755190e+00
2.820e+02 9.8938001e-01 5.7293568e-03 1.6741834e+00
2.890e+02 9.8979898e-01 5.3127126e-03 1.5896317e+00
2.960e+02 9.9019801e-01 4.9157446e-03 1.5052724e+00
3.030e+02 9.9057703e-01 4.5583824e-03 1.4277644e+00
3.110e+02 9.9099593e-01 4.1810580e-03 1.3430246e+00
3.180e+02 9.9133503e-01 3.8830740e-03 1.2745125e+00
3.260e+02 9.9171398e-01 3.5850600e-03 1.2053810e+00
3.340e+02 9.9205308e-01 3.3067864e-03 1.1383265e+00
3.420e+02 9.9239218e-01 3.0483414e-03 1.0737615e+00
3.510e+02 9.9273126e-01 2.8097352e-03 1.0150665e+00
3.590e+02 9.9303046e-01 2.6108562e-03 9.6413561e-01
3.680e+02 9.9334965e-01 2.3920080e-03 9.0488317e-01
3.770e+02 9.9364888e-01 2.2129404e-03 8.5710078e-01
3.860e+02 9.9390826e-01 2.0337780e-03 8.0609328e-01
3.960e+02 9.9420753e-01 1.8725538e-03 7.6096157e-01
4.060e+02 9.9446693e-01 1.7212190e-03 7.1675221e-01
4.150e+02 9.9470638e-01 1.5977547e-03 6.7976084e-01
4.260e+02 9.9496581e-01 1.4643006e-03 6.3916276e-01
4.360e+02 9.9518535e-01 1.3507369e-03 6.0316671e-01
4.470e+02 9.9540490e-01 1.2411388e-03 5.6795839e-01
4.580e+02 9.9562447e-01 1.1414946e-03 5.3497875e-01
4.690e+02 9.9582409e-01 1.0517971e-03 5.0457759e-01
4.800e+02 9.9600376e-01 9.7205200e-04 4.7708662e-01
4.920e+02 9.9620341e-01 8.9230140e-04 4.4871352e-01
5.040e+02 9.9638311e-01 8.2051218e-04 4.2252405e-01
5.160e+02 9.9654285e-01 7.5668866e-04 3.9880775e-01
5.290e+02 9.9672257e-01 6.9286184e-04 3.7423327e-01
5.420e+02 9.9686236e-01 6.3699834e-04 3.5241621e-01
5.550e+02 9.9702213e-01 5.8712388e-04 3.3250781e-01
5.690e+02 9.9716194e-01 5.3723604e-04 3.1184211e-01
5.830e+02 9.9730176e-01 4.9333310e-04 2.9332184e-01
5.970e+02 9.9742161e-01 4.5341434e-04 2.7599475e-01
6.120e+02 9.9756145e-01 4.1549248e-04 2.5919348e-01
6.270e+02 9.9766133e-01 3.8155306e-04 2.4380635e-01
6.420e+02 9.9778120e-01 3.5160928e-04 2.2999243e-01
6.580e+02 9.9788110e-01 3.2165868e-04 2.1560181e-01
6.740e+02 9.9798100e-01 2.9570104e-04 2.0298177e-01
6.900e+02 9.9808290e-01 2.7173915e-04 1.9092241e-01
7.070e+02 9.9817682e-01 2.4977200e-04 1.7977821e-01
7.250e+02 9.9826874e-01 2.2780255e-04 1.6810882e-01
7.420e+02 9.9834867e-01 2.0982654e-04 1.5844870e-01
7.600e+02 9.9842861e-01 1.9304814e-04 1.4929114e-01
7.790e+02 9.9850655e-01 1.7666793e-04 1.4001746e-01
7.980e+02 9.9857850e-01 1.6208468e-04 1.3157376e-01
8.180e+02 9.9865045e-01 1.4829983e-04 1.2338314e-01
8.380e+02 9.9871641e-01 1.3591269e-04 1.1582665e-01
8.580e+02 9.9877637e-01 1.2492350e-04 1.0898928e-01
8.790e+02 9.9883634e-01 1.1453330e-04 1.0235778e-01
9.010e+02 9.9889430e-01 1.0474205e-04 9.5939099e-02
9.230e+02 9.9894827e-01 9.5949504e-05 9.0021718e-02
9.450e+02 9.9900025e-01 8.8155900e-05 8.4672204e-02
9.680e+02 9.9904822e-01 8.0761539e-05 7.9450367e-02
9.920e+02 9.9909620e-01 7.3966552e-05 7.4562644e-02
1.000e+03 1.0000000e+00 7.2184182e-05 7.3220199e-02
1.016e+03 9.9914018e-01 6.7770846e-05 6.9963678e-02
1.041e+03 9.9918217e-01 6.1974642e-05 6.5548729e-02
1.067e+03 9.9922415e-01 5.6777962e-05 6.1547050e-02
1.093e+03 9.9926214e-01 5.1980812e-05 5.7715602e-02
1.119e+03 9.9929812e-01 4.7783222e-05 5.4313057e-02
1.147e+03 9.9933411e-01 4.3585481e-05 5.0777663e-02
1.175e+03 9.9936810e-01 3.9987360e-05 4.7719788e-02
1.204e+03 9.9940009e-01 3.6589020e-05 4.4739113e-02
1.233e+03 9.9943008e-01 3.3390481e-05 4.1809001e-02
1.263e+03 9.9945807e-01 3.0591707e-05 3.9234378e-02
1.294e+03 9.9948607e-01 2.7992804e-05 3.6780367e-02
1.326e+03 9.9951206e-01 2.5593754e-05 3.4458019e-02
1.358e+03 9.9953805e-01 2.3394595e-05 3.2255628e-02
1.392e+03 9.9956205e-01 2.1395313e-05 3.0236202e-02
1.426e+03 9.9958404e-01 1.9615919e-05 2.8397390e-02
1.460e+03 9.9960604e-01 1.7976458e-05 2.6643306e-02
1.496e+03 9.9962803e-01 1.6436942e-05 2.4961153e-02
1.500e+03 1.0000000e+00 1.6413855e-05 2.4974151e-02
1.533e+03 9.9964803e-01 1.4977364e-05 2.3306237e-02
1.570e+03 9.9966803e-01 1.3697726e-05 2.1828575e-02
1.609e+03 9.9968802e-01 1.2478053e-05 2.0378057e-02
1.648e+03 9.9970802e-01 1.1398336e-05 1.9065191e-02
1.688e+03 9.9972602e-01 1.0398575e-05 1.7814480e-02
1.730e+03 9.9974802e-01 9.4788055e-06 1.6642075e-02
1.772e+03 9.9977001e-01 8.6390064e-06 1.5535176e-02
1.815e+03 9.9982261e-01 7.8593028e-06 1.4474502e-02
1.839e+03 1.0000000e+00 7.7307879e-06 1.4420182e-02
1.839e+03 1.0000000e+00 7.9808134e-05 1.4886553e-01
1.860e+03 9.9986360e-01 8.1594435e-05 1.5398586e-01
1.905e+03 9.9984440e-01 7.5194149e-05 1.4534599e-01
1.952e+03 9.9982621e-01 6.9193987e-05 1.3705283e-01
2.000e+03 1.0000000e+00 6.3839323e-05 1.2951114e-01
2.000e+03 9.9980961e-01 6.3793926e-05 1.2946834e-01
3.000e+03 1.0000000e+00 1.4994693e-05 4.5629709e-02
4.000e+03 1.0000000e+00 5.2057669e-06 2.1121929e-02
5.000e+03 1.0000000e+00 2.2528821e-06 1.1426082e-02
6.000e+03 1.0000000e+00 1.1264411e-06 6.8556493e-03
8.000e+03 1.0000000e+00 3.7172555e-07 3.0164857e-03
1.000e+04 1.0000000e+00 1.5581668e-07 1.5805303e-03
1.500e+04 1.0000000e+00 3.1693607e-08 4.8222730e-04
2.000e+04 1.0000000e+00 1.0262108e-08 2.0818788e-04
3.000e+04 1.0000000e+00 2.2007746e-09 6.6970832e-05
4.000e+04 1.0000000e+00 8.0598007e-10 3.2701913e-05
5.000e+04 1.0000000e+00 4.0321992e-10 2.0450355e-05
6.000e+04 1.0000000e+00 2.4574806e-10 1.4956508e-05
8.000e+04 1.0000000e+00 1.2804646e-10 1.0390739e-05
1.000e+05 1.0000000e+00 8.4368136e-11 8.5579023e-06
1.500e+05 1.0000000e+00 4.4383310e-11 6.7530477e-06
2.000e+05 1.0000000e+00 2.9310456e-11 5.9462264e-06
3.000e+05 1.0000000e+00 1.6582438e-11 5.0461310e-06
4.000e+05 1.0000000e+00 1.1050617e-11 4.4836879e-06
5.000e+05 1.0000000e+00 8.0441685e-12 4.0798109e-06
6.000e+05 1.0000000e+00 6.1892955e-12 3.7668761e-06
8.000e+05 1.0000000e+00 4.0701304e-12 3.3028373e-06
1.000e+06 1.0000000e+00 2.9246088e-12 2.9665840e-06
1.250e+06 1.0000000e+00 2.0921459e-12 2.6527165e-06
1.500e+06 1.0000000e+00 1.5886650e-12 2.4171993e-06
2.000e+06 1.0000000e+00 1.0298890e-12 2.0893407e-06
3.000e+06 1.0000000e+00 5.6368030e-13 1.7153114e-06
4.000e+06 1.0000000e+00 3.7241521e-13 1.5110411e-06
5.000e+06 1.0000000e+00 2.7282862e-13 1.3837219e-06
6.000e+06 1.0000000e+00 2.1364066e-13 1.3002415e-06
8.000e+06 1.0000000e+00 1.4793160e-13 1.2004382e-06
1.000e+07 1.0000000e+00 1.1319583e-13 1.1482047e-06
1.500e+07 1.0000000e+00 7.2092228e-14 1.0969039e-06
2.000e+07 1.0000000e+00 5.3747331e-14 1.0903747e-06
