1.000e+00
1.096e+00
1.202e+00
1.318e+00
1.445e+00
1.585e+00
1.738e+00
1.905e+00
2.089e+00
2.291e+00
2.512e+00
2.754e+00
3.020e+00
3.311e+00
3.631e+00
3.981e+00
4.365e+00
4.786e+00
5.248e+00
5.754e+00
6.310e+00
6.918e+00
7.586e+00
8.318e+00
9.120e+00
1.000e+01
1.096e+01
1.202e+01
1.318e+01
1.445e+01
1.585e+01
1.738e+01
1.905e+01
2.089e+01
2.291e+01
2.512e+01
2.754e+01
3.020e+01
3.311e+01
3.631e+01
3.981e+01
4.365e+01
4.786e+01
5.248e+01
5.754e+01
6.310e+01
6.918e+01
7.586e+01
8.318e+01
9.120e+01
1.000e+02
1.096e+02
1.202e+02
1.318e+02
1.445e+02
1.585e+02
1.738e+02
1.905e+02
2.089e+02
2.291e+02
2.512e+02
2.754e+02
3.020e+02
3.311e+02
3.631e+02
3.981e+02
4.365e+02
4.786e+02
5.248e+02
5.754e+02
6.310e+02
6.918e+02
7.586e+02
8.318e+02
9.120e+02
1.000e+03
1.096e+03
1.202e+03
1.318e+03
1.445e+03
1.585e+03
1.738e+03
1.905e+03
2.089e+03
2.291e+03
2.512e+03
2.754e+03
3.020e+03
3.311e+03
3.631e+03
3.981e+03
4.365e+03
4.786e+03
5.248e+03
5.754e+03
6.310e+03
6.918e+03
7.586e+03
8.318e+03
9.120e+03
1.000e+04
