0.316 30.325 32.780 2443.720 2465.310 1677.930 1722.920
0.398 21.150 22.781 1731.660 1745.570 1104.900 1135.680
0.501 15.066 16.177 1250.930 1260.180 744.600 765.950
0.631 11.056 11.840 928.700 935.080 520.730 536.510
0.794 8.433 9.010 716.370 720.980 381.510 394.030
1.000 6.729 7.175 578.290 581.790 294.540 304.890
1.259 5.632 5.996 490.840 493.650 240.340 249.250
1.585 4.932 5.245 437.340 439.720 207.150 215.020
1.995 4.492 4.771 406.590 408.700 187.390 194.600
2.512 4.218 4.476 390.950 392.890 176.300 183.060
3.162 4.051 4.296 385.290 387.120 170.700 177.160
3.981 3.952 4.189 386.120 387.890 168.590 174.810
5.012 3.895 4.127 391.080 392.800 168.540 174.630
6.310 3.865 4.094 398.540 400.240 169.620 175.600
7.943 3.849 4.076 407.390 409.070 171.190 177.100
10.000 3.842 4.068 416.910 418.580 172.800 178.660
12.589 3.839 4.064 426.630 428.290 174.260 180.060
15.849 3.839 4.063 436.300 437.960 175.450 181.240
19.953 3.839 4.063 445.790 447.440 176.360 182.140
25.119 3.840 4.063 455.030 456.680 177.040 182.790
31.623 3.840 4.064 463.970 465.630 177.530 183.280
39.811 3.841 4.064 472.610 474.270 177.860 183.610
50.119 3.842 4.065 480.930 482.580 178.090 183.830
63.096 3.842 4.065 488.900 490.550 178.220 183.950
79.433 3.842 4.065 496.520 498.170 178.320 184.060
100.000 3.842 4.066 503.770 505.420 178.380 184.100
125.893 3.843 4.066 510.660 512.310 178.430 184.150
158.489 3.843 4.066 517.200 518.840 178.440 184.170
199.526 3.843 4.066 523.400 525.050 178.470 184.180
251.189 3.843 4.066 529.290 530.940 178.480 184.180
316.228 3.843 4.066 534.910 536.560 178.480 184.210
398.107 3.843 4.066 540.280 541.920 178.480 184.220
501.187 3.843 4.066 545.430 547.080 178.480 184.220
630.958 3.843 4.066 550.400 552.050 178.480 184.220
794.329 3.843 4.066 555.210 556.860 178.480 184.220
1000.000 3.843 4.066 559.890 561.540 178.480 184.220
