ESTAR: Stopping Powers and Range Tables for Electrons

COPPER

Kinetic   Collision Radiative Total     D. Effect
Energy    Stp. Pow. Stp. Pow. Stp. Pow. Parameter
MeV       MeV cm2/g MeV cm2/g MeV cm2/g

1.000E+00 1.263E+00 4.580E-02 1.309E+00 5.799E-01
1.096E+00 1.259E+00 4.971E-02 1.309E+00 6.278E-01
1.202E+00 1.257E+00 5.417E-02 1.311E+00 6.787E-01
1.318E+00 1.257E+00 5.919E-02 1.316E+00 7.322E-01
1.445E+00 1.258E+00 6.484E-02 1.323E+00 7.884E-01
1.585E+00 1.261E+00 7.123E-02 1.332E+00 8.479E-01
1.738E+00 1.265E+00 7.839E-02 1.343E+00 9.101E-01
1.905E+00 1.270E+00 8.639E-02 1.356E+00 9.751E-01
2.089E+00 1.275E+00 9.542E-02 1.371E+00 1.044E+00
2.291E+00 1.282E+00 1.055E-01 1.388E+00 1.115E+00
2.512E+00 1.289E+00 1.168E-01 1.406E+00 1.190E+00
2.754E+00 1.297E+00 1.295E-01 1.427E+00 1.268E+00
3.020E+00 1.306E+00 1.436E-01 1.449E+00 1.349E+00
3.311E+00 1.315E+00 1.594E-01 1.474E+00 1.434E+00
3.631E+00 1.324E+00 1.770E-01 1.501E+00 1.522E+00
3.981E+00 1.333E+00 1.965E-01 1.530E+00 1.613E+00
4.365E+00 1.343E+00 2.184E-01 1.561E+00 1.706E+00
4.786E+00 1.353E+00 2.427E-01 1.596E+00 1.803E+00
5.248E+00 1.363E+00 2.697E-01 1.633E+00 1.902E+00
5.754E+00 1.374E+00 2.998E-01 1.673E+00 2.004E+00
6.310E+00 1.384E+00 3.334E-01 1.717E+00 2.109E+00
6.918E+00 1.394E+00 3.705E-01 1.765E+00 2.216E+00
7.586E+00 1.405E+00 4.119E-01 1.817E+00 2.325E+00
8.318E+00 1.415E+00 4.578E-01 1.873E+00 2.436E+00
9.120E+00 1.426E+00 5.086E-01 1.934E+00 2.549E+00
1.000E+01 1.436E+00 5.650E-01 2.001E+00 2.664E+00
1.096E+01 1.447E+00 6.272E-01 2.074E+00 2.780E+00
1.202E+01 1.457E+00 6.966E-01 2.154E+00 2.900E+00
1.318E+01 1.468E+00 7.733E-01 2.241E+00 3.021E+00
1.445E+01 1.478E+00 8.580E-01 2.336E+00 3.144E+00
1.585E+01 1.488E+00 9.522E-01 2.440E+00 3.270E+00
1.738E+01 1.498E+00 1.056E+00 2.554E+00 3.398E+00
1.905E+01 1.508E+00 1.170E+00 2.678E+00 3.527E+00
2.089E+01 1.518E+00 1.297E+00 2.815E+00 3.660E+00
2.291E+01 1.528E+00 1.437E+00 2.965E+00 3.796E+00
2.512E+01 1.537E+00 1.592E+00 3.129E+00 3.935E+00
2.754E+01 1.546E+00 1.762E+00 3.308E+00 4.075E+00
3.020E+01 1.556E+00 1.950E+00 3.505E+00 4.220E+00
3.311E+01 1.565E+00 2.157E+00 3.721E+00 4.366E+00
3.631E+01 1.573E+00 2.385E+00 3.959E+00 4.516E+00
3.981E+01 1.582E+00 2.637E+00 4.219E+00 4.668E+00
4.365E+01 1.590E+00 2.914E+00 4.504E+00 4.822E+00
4.786E+01 1.599E+00 3.219E+00 4.818E+00 4.979E+00
5.248E+01 1.607E+00 3.556E+00 5.163E+00 5.138E+00
5.754E+01 1.615E+00 3.926E+00 5.541E+00 5.298E+00
6.310E+01 1.623E+00 4.335E+00 5.958E+00 5.461E+00
6.918E+01 1.631E+00 4.783E+00 6.414E+00 5.624E+00
7.586E+01 1.639E+00 5.278E+00 6.917E+00 5.790E+00
8.318E+01 1.646E+00 5.822E+00 7.468E+00 5.956E+00
9.120E+01 1.654E+00 6.420E+00 8.074E+00 6.124E+00
1.000E+02 1.661E+00 7.079E+00 8.740E+00 6.292E+00
1.096E+02 1.669E+00 7.799E+00 9.468E+00 6.461E+00
1.202E+02 1.676E+00 8.597E+00 1.027E+01 6.632E+00
1.318E+02 1.684E+00 9.472E+00 1.116E+01 6.804E+00
1.445E+02 1.691E+00 1.043E+01 1.212E+01 6.976E+00
1.585E+02 1.698E+00 1.149E+01 1.319E+01 7.149E+00
1.738E+02 1.705E+00 1.266E+01 1.436E+01 7.323E+00
1.905E+02 1.712E+00 1.393E+01 1.564E+01 7.497E+00
2.089E+02 1.719E+00 1.533E+01 1.705E+01 7.673E+00
2.291E+02 1.726E+00 1.687E+01 1.860E+01 7.850E+00
2.512E+02 1.733E+00 1.856E+01 2.029E+01 8.027E+00
2.754E+02 1.740E+00 2.041E+01 2.215E+01 8.204E+00
3.020E+02 1.747E+00 2.245E+01 2.420E+01 8.383E+00
3.311E+02 1.754E+00 2.468E+01 2.644E+01 8.561E+00
3.631E+02 1.761E+00 2.714E+01 2.890E+01 8.741E+00
3.981E+02 1.767E+00 2.983E+01 3.160E+01 8.921E+00
4.365E+02 1.774E+00 3.278E+01 3.456E+01 9.102E+00
4.786E+02 1.781E+00 3.603E+01 3.781E+01 9.283E+00
5.248E+02 1.787E+00 3.959E+01 4.137E+01 9.465E+00
5.754E+02 1.794E+00 4.349E+01 4.528E+01 9.647E+00
6.310E+02 1.801E+00 4.778E+01 4.958E+01 9.829E+00
6.918E+02 1.807E+00 5.247E+01 5.428E+01 1.001E+01
7.586E+02 1.814E+00 5.763E+01 5.944E+01 1.019E+01
8.318E+02 1.820E+00 6.329E+01 6.511E+01 1.038E+01
9.120E+02 1.827E+00 6.949E+01 7.132E+01 1.056E+01
1.000E+03 1.833E+00 7.630E+01 7.813E+01 1.074E+01