ESTAR: Stopping Powers and Range Tables for Electrons

AMORPHOUS CARBON

Kinetic   Collision Radiative Total     D. Effect
Energy    Stp. Pow. Stp. Pow. Stp. Pow. Parameter
MeV       MeV cm2/g MeV cm2/g MeV cm2/g

1.000E+00 1.608E+00 1.053E-02 1.619E+00 7.364E-01
1.096E+00 1.599E+00 1.152E-02 1.610E+00 8.036E-01
1.202E+00 1.592E+00 1.266E-02 1.605E+00 8.749E-01
1.318E+00 1.588E+00 1.394E-02 1.601E+00 9.498E-01
1.445E+00 1.585E+00 1.538E-02 1.600E+00 1.028E+00
1.585E+00 1.584E+00 1.702E-02 1.601E+00 1.110E+00
1.738E+00 1.585E+00 1.887E-02 1.603E+00 1.195E+00
1.905E+00 1.587E+00 2.093E-02 1.607E+00 1.283E+00
2.089E+00 1.590E+00 2.327E-02 1.613E+00 1.375E+00
2.291E+00 1.594E+00 2.591E-02 1.620E+00 1.469E+00
2.512E+00 1.600E+00 2.886E-02 1.628E+00 1.566E+00
2.754E+00 1.606E+00 3.217E-02 1.638E+00 1.665E+00
3.020E+00 1.613E+00 3.590E-02 1.649E+00 1.768E+00
3.311E+00 1.620E+00 4.006E-02 1.660E+00 1.872E+00
3.631E+00 1.628E+00 4.474E-02 1.673E+00 1.979E+00
3.981E+00 1.637E+00 4.997E-02 1.687E+00 2.088E+00
4.365E+00 1.646E+00 5.583E-02 1.702E+00 2.199E+00
4.786E+00 1.655E+00 6.238E-02 1.718E+00 2.313E+00
5.248E+00 1.665E+00 6.972E-02 1.735E+00 2.429E+00
5.754E+00 1.675E+00 7.790E-02 1.753E+00 2.547E+00
6.310E+00 1.685E+00 8.706E-02 1.772E+00 2.668E+00
6.918E+00 1.695E+00 9.726E-02 1.792E+00 2.791E+00
7.586E+00 1.705E+00 1.087E-01 1.813E+00 2.917E+00
8.318E+00 1.715E+00 1.214E-01 1.836E+00 3.046E+00
9.120E+00 1.725E+00 1.355E-01 1.860E+00 3.177E+00
1.000E+01 1.735E+00 1.513E-01 1.886E+00 3.312E+00
1.096E+01 1.744E+00 1.687E-01 1.913E+00 3.449E+00
1.202E+01 1.754E+00 1.882E-01 1.942E+00 3.591E+00
1.318E+01 1.764E+00 2.099E-01 1.973E+00 3.736E+00
1.445E+01 1.773E+00 2.339E-01 2.007E+00 3.884E+00
1.585E+01 1.782E+00 2.607E-01 2.043E+00 4.036E+00
1.738E+01 1.791E+00 2.903E-01 2.081E+00 4.191E+00
1.905E+01 1.800E+00 3.230E-01 2.123E+00 4.348E+00
2.089E+01 1.808E+00 3.594E-01 2.168E+00 4.510E+00
2.291E+01 1.817E+00 3.997E-01 2.216E+00 4.674E+00
2.512E+01 1.825E+00 4.441E-01 2.269E+00 4.840E+00
2.754E+01 1.833E+00 4.932E-01 2.326E+00 5.009E+00
3.020E+01 1.841E+00 5.476E-01 2.388E+00 5.180E+00
3.311E+01 1.849E+00 6.075E-01 2.456E+00 5.352E+00
3.631E+01 1.856E+00 6.738E-01 2.530E+00 5.526E+00
3.981E+01 1.864E+00 7.468E-01 2.611E+00 5.702E+00
4.365E+01 1.872E+00 8.275E-01 2.699E+00 5.878E+00
4.786E+01 1.879E+00 9.164E-01 2.796E+00 6.056E+00
5.248E+01 1.887E+00 1.015E+00 2.901E+00 6.234E+00
5.754E+01 1.894E+00 1.123E+00 3.017E+00 6.414E+00
6.310E+01 1.901E+00 1.242E+00 3.143E+00 6.594E+00
6.918E+01 1.909E+00 1.373E+00 3.282E+00 6.774E+00
7.586E+01 1.916E+00 1.518E+00 3.434E+00 6.955E+00
8.318E+01 1.923E+00 1.677E+00 3.601E+00 7.137E+00
9.120E+01 1.930E+00 1.853E+00 3.783E+00 7.319E+00
1.000E+02 1.938E+00 2.046E+00 3.984E+00 7.501E+00
1.096E+02 1.945E+00 2.258E+00 4.202E+00 7.682E+00
1.202E+02 1.952E+00 2.492E+00 4.444E+00 7.865E+00
1.318E+02 1.959E+00 2.749E+00 4.709E+00 8.048E+00
1.445E+02 1.966E+00 3.032E+00 4.998E+00 8.231E+00
1.585E+02 1.973E+00 3.345E+00 5.318E+00 8.415E+00
1.738E+02 1.980E+00 3.687E+00 5.668E+00 8.598E+00
1.905E+02 1.988E+00 4.062E+00 6.050E+00 8.781E+00
2.089E+02 1.995E+00 4.477E+00 6.471E+00 8.965E+00
2.291E+02 2.002E+00 4.933E+00 6.935E+00 9.149E+00
2.512E+02 2.009E+00 5.433E+00 7.442E+00 9.332E+00
2.754E+02 2.016E+00 5.981E+00 7.997E+00 9.516E+00
3.020E+02 2.023E+00 6.585E+00 8.609E+00 9.700E+00
3.311E+02 2.030E+00 7.248E+00 9.278E+00 9.883E+00
3.631E+02 2.037E+00 7.977E+00 1.001E+01 1.007E+01
3.981E+02 2.044E+00 8.776E+00 1.082E+01 1.025E+01
4.365E+02 2.051E+00 9.655E+00 1.171E+01 1.044E+01
4.786E+02 2.059E+00 1.062E+01 1.268E+01 1.062E+01
5.248E+02 2.066E+00 1.168E+01 1.374E+01 1.080E+01
5.754E+02 2.073E+00 1.284E+01 1.491E+01 1.099E+01
6.310E+02 2.080E+00 1.412E+01 1.620E+01 1.117E+01
6.918E+02 2.087E+00 1.552E+01 1.760E+01 1.136E+01
7.586E+02 2.094E+00 1.705E+01 1.915E+01 1.154E+01
8.318E+02 2.101E+00 1.874E+01 2.084E+01 1.172E+01
9.120E+02 2.108E+00 2.059E+01 2.270E+01 1.191E+01
1.000E+03 2.115E+00 2.262E+01 2.474E+01 1.209E+01