ESTAR: Stopping Powers and Range Tables for Electrons

SILICON

Kinetic   Collision Radiative Total     D. Effect
Energy    Stp. Pow. Stp. Pow. Stp. Pow. Parameter
MeV       MeV cm2/g MeV cm2/g MeV cm2/g

1.000E+00 1.507E+00 2.360E-02 1.531E+00 3.424E-01
1.096E+00 1.503E+00 2.573E-02 1.529E+00 3.747E-01
1.202E+00 1.500E+00 2.815E-02 1.529E+00 4.095E-01
1.318E+00 1.500E+00 3.089E-02 1.531E+00 4.463E-01
1.445E+00 1.501E+00 3.397E-02 1.535E+00 4.854E-01
1.585E+00 1.504E+00 3.747E-02 1.542E+00 5.272E-01
1.738E+00 1.509E+00 4.139E-02 1.550E+00 5.713E-01
1.905E+00 1.515E+00 4.579E-02 1.561E+00 6.180E-01
2.089E+00 1.522E+00 5.075E-02 1.573E+00 6.678E-01
2.291E+00 1.530E+00 5.633E-02 1.586E+00 7.209E-01
2.512E+00 1.539E+00 6.258E-02 1.601E+00 7.774E-01
2.754E+00 1.548E+00 6.957E-02 1.618E+00 8.377E-01
3.020E+00 1.558E+00 7.742E-02 1.636E+00 9.024E-01
3.311E+00 1.569E+00 8.618E-02 1.655E+00 9.718E-01
3.631E+00 1.579E+00 9.602E-02 1.675E+00 1.047E+00
3.981E+00 1.590E+00 1.070E-01 1.697E+00 1.127E+00
4.365E+00 1.601E+00 1.192E-01 1.721E+00 1.213E+00
4.786E+00 1.612E+00 1.329E-01 1.745E+00 1.305E+00
5.248E+00 1.623E+00 1.482E-01 1.772E+00 1.404E+00
5.754E+00 1.634E+00 1.651E-01 1.799E+00 1.508E+00
6.310E+00 1.645E+00 1.841E-01 1.829E+00 1.618E+00
6.918E+00 1.656E+00 2.052E-01 1.861E+00 1.733E+00
7.586E+00 1.666E+00 2.287E-01 1.895E+00 1.853E+00
8.318E+00 1.677E+00 2.549E-01 1.931E+00 1.978E+00
9.120E+00 1.687E+00 2.839E-01 1.971E+00 2.107E+00
1.000E+01 1.697E+00 3.161E-01 2.013E+00 2.239E+00
1.096E+01 1.707E+00 3.518E-01 2.058E+00 2.375E+00
1.202E+01 1.717E+00 3.916E-01 2.108E+00 2.514E+00
1.318E+01 1.726E+00 4.356E-01 2.162E+00 2.656E+00
1.445E+01 1.736E+00 4.844E-01 2.220E+00 2.799E+00
1.585E+01 1.745E+00 5.387E-01 2.284E+00 2.946E+00
1.738E+01 1.755E+00 5.986E-01 2.354E+00 3.094E+00
1.905E+01 1.764E+00 6.646E-01 2.429E+00 3.243E+00
2.089E+01 1.774E+00 7.379E-01 2.511E+00 3.395E+00
2.291E+01 1.783E+00 8.190E-01 2.602E+00 3.548E+00
2.512E+01 1.792E+00 9.084E-01 2.700E+00 3.702E+00
2.754E+01 1.801E+00 1.007E+00 2.808E+00 3.857E+00
3.020E+01 1.810E+00 1.116E+00 2.926E+00 4.014E+00
3.311E+01 1.819E+00 1.236E+00 3.055E+00 4.172E+00
3.631E+01 1.828E+00 1.369E+00 3.197E+00 4.332E+00
3.981E+01 1.837E+00 1.515E+00 3.351E+00 4.493E+00
4.365E+01 1.845E+00 1.676E+00 3.521E+00 4.655E+00
4.786E+01 1.854E+00 1.853E+00 3.707E+00 4.819E+00
5.248E+01 1.862E+00 2.049E+00 3.911E+00 4.984E+00
5.754E+01 1.871E+00 2.264E+00 4.135E+00 5.150E+00
6.310E+01 1.879E+00 2.502E+00 4.381E+00 5.318E+00
6.918E+01 1.887E+00 2.763E+00 4.650E+00 5.487E+00
7.586E+01 1.895E+00 3.051E+00 4.946E+00 5.658E+00
8.318E+01 1.903E+00 3.367E+00 5.270E+00 5.830E+00
9.120E+01 1.911E+00 3.715E+00 5.626E+00 6.004E+00
1.000E+02 1.919E+00 4.099E+00 6.017E+00 6.179E+00
1.096E+02 1.926E+00 4.518E+00 6.444E+00 6.354E+00
1.202E+02 1.934E+00 4.983E+00 6.916E+00 6.531E+00
1.318E+02 1.941E+00 5.492E+00 7.433E+00 6.709E+00
1.445E+02 1.949E+00 6.052E+00 8.000E+00 6.887E+00
1.585E+02 1.956E+00 6.670E+00 8.626E+00 7.068E+00
1.738E+02 1.963E+00 7.348E+00 9.311E+00 7.248E+00
1.905E+02 1.971E+00 8.089E+00 1.006E+01 7.428E+00
2.089E+02 1.978E+00 8.907E+00 1.088E+01 7.609E+00
2.291E+02 1.985E+00 9.807E+00 1.179E+01 7.791E+00
2.512E+02 1.992E+00 1.079E+01 1.279E+01 7.973E+00
2.754E+02 2.000E+00 1.188E+01 1.387E+01 8.155E+00
3.020E+02 2.007E+00 1.307E+01 1.507E+01 8.338E+00
3.311E+02 2.014E+00 1.437E+01 1.638E+01 8.521E+00
3.631E+02 2.021E+00 1.581E+01 1.783E+01 8.704E+00
3.981E+02 2.028E+00 1.738E+01 1.941E+01 8.887E+00
4.365E+02 2.035E+00 1.911E+01 2.115E+01 9.071E+00
4.786E+02 2.042E+00 2.101E+01 2.305E+01 9.254E+00
5.248E+02 2.050E+00 2.309E+01 2.514E+01 9.438E+00
5.754E+02 2.057E+00 2.537E+01 2.743E+01 9.621E+00
6.310E+02 2.064E+00 2.788E+01 2.995E+01 9.805E+00
6.918E+02 2.071E+00 3.063E+01 3.270E+01 9.989E+00
7.586E+02 2.078E+00 3.366E+01 3.573E+01 1.017E+01
8.318E+02 2.085E+00 3.697E+01 3.905E+01 1.036E+01
9.120E+02 2.092E+00 4.060E+01 4.269E+01 1.054E+01
1.000E+03 2.099E+00 4.459E+01 4.669E+01 1.072E+01