# N   A       a      ρ [g/cm3]
C     12.011  3.567  3.516
Si    28.085  5.431  2.329
Ge    72.610  5.658  5.326
3C-SiC 40.096  4.360  3.214
BN    24.818  3.615  3.488
BP    41.785  4.538  2.969
BAs   85.733  4.777  5.224
AlN   40.988  4.380  3.240
AlP   57.955  5.463  2.360
AlAs  101.903  5.661  3.730
AlSb  148.742  6.136  4.277
GaN   83.730  4.520  6.020
GaP   100.696  5.451  4.130
GaAs  144.645  5.653  5.317
GaSb  191.483  6.096  5.615
InN   128.825  4.986  6.903
InP   145.792  5.869  4.790
InAs  189.740  6.058  5.668
InSb  236.578  6.479  5.777
BeO   25.012  3.800  3.030
BeS   41.078  4.865  2.370
BeSe  87.970  5.137  4.310
BeTe  136.610  5.617  5.120
MgO   40.304  4.210  3.590
MgS   56.371  5.620  2.110
MgSe  103.270  5.910  3.320
MgTe  151.910  6.420  3.810
ZnO   81.390  4.470  6.050
ZnS   97.460  5.410  4.088
ZnSe  144.350  5.669  5.262
ZnTe  192.990  6.104  5.637
CdO   128.410  5.148  6.252
CdS   144.477  5.825  4.855
CdSe  191.370  6.077  5.664
CdTe  240.010  6.481  5.856
HgS   232.660  5.851  7.713
HgSe  279.550  6.084  8.245
HgTe  328.190  6.460  8.085
