2H-SiC 40.096  3.076  5.048  3.219
AlN   40.988  3.112  4.982  3.258
GaN   83.730  3.190  5.186  6.087
InN   128.825  3.548  5.760  6.813
BeO   25.012  2.698  4.380  3.009
BeS   41.078  3.440  5.618  2.370
BeSe  87.970  3.632  5.932  4.311
BeTe  136.610  3.972  6.486  5.120
MgO   40.304  3.199  5.086  2.970
MgS   56.371  3.972  6.443  2.127
MgSe  103.270  4.145  6.723  3.429
MgTe  151.910  4.548  7.390  3.811
ZnO   81.390  3.249  5.207  5.677
ZnS   97.460  3.823  6.261  4.085
ZnSe  144.350  3.996  6.626  5.232
ZnTe  192.990  4.270  6.990  5.810
CdO   128.410  3.678  5.825  6.249
CdS   144.477  4.137  6.716  4.821
CdSe  191.370  4.300  7.011  5.662
CdTe  240.010  4.570  7.470  5.900
HgS   232.660  4.138  6.757  7.713
HgSe  279.550  4.302  7.025  8.246
HgTe  328.190  4.568  7.460  8.085
