# MW A a rho MP MH SH DT LE TC

# Dia Structure
C 0 12.01 3.56683 3.513 4713 10 471.5 2340 1.18 23200
Si 0 28.09 5.43072 2.329 1687 11270 702 645 2.6 1240
Ge 0 72.64 5.65754 5.323 1211.35 7644 321.9 374 5.8 640

# I-VII Compounds
CuCl 98.99 49.49 5.4057 3.53 695 2.3  490 240 12.1 8.4
CuBr 143.45 71.73 5.6905 4.98 770 2.5  381 207 15.4 12.5
Cul 190.45 95.23 6.60427 5.63 878 192 276 181 19.2 16.8
Agl 234.77 117.39 6.502 5.67 831 2.5  232 134 -2.5 4.2

# II-VI Compounds
ZnO 81.39 40.69 4.63 5.675 2248 5.0  494 416 2.9 234
ZnS 97.46 48.72 5.4093 4.079 2100 1780 472 530 6.36 251
ZnSe 144.34 72.17 5.6676 5.42 1790 1350 339 400 7.2 140
ZnTe 192.99 96.5 6.101 6.34 1568 900 264 223 8.19 108
CdS 144.48 72.24 5.832 4.826 1750 1250 330 219 4.7 200
CdSe 191.37 95.68 6.05 5.674 1512 1300 255 181 3.8 90
CdTe 240.01 120.00 6.477 5.86 1365 600 205 200 4.9 58.5
HgSe 279.55 139.78 6.084 8.25 1070 2.5  178 151 5.46 10
HgTe 328.19 164.10 6.4623 8.17 943 300 164 242 4.6 20

# III-V Compounds
BN 24.82 12.41 3.615 3.49 3239 10  793 1900 0 200
AlP 57.95 28.98 5.451 2.42 2100 5.5  0 588  0 920
AlAs 101.90 50.95 5.6622 3.81 2013 5000 0 417 3.5 840
AlSb 148.74 74.37 6.1355 4.218 1330 4000 0 292 4.2 600
GaP 100.70 50.35 5.4495 4.13 1750 9450 0 446 5.3 752
GaAs 144.64 72.32 5.65315 5.316 1510 7500 0 344 5.4 560
GaSb 191.48 95.74 6.0954 5.619 980 4480 320 265 6.1 270
InP 145.79 72.90 5.86875 4.787 1330 4100 0 321 4.6 800
InAs 189.74 94.87 6.05838 5.66 1215 3300 268 249 4.7 290
InSb 236.58 118.29 6.47877 5.775 798 2200 144 202 4.7 160

# II-VI Compounds
ZnO 81.37 40.69 3.24950 5.66 2250 0 0 0 0 600
ZnS 97.43 48.72 3.8140 4.1 2100  0 0 0 0 460
CdS 144.48 72.23 4.1348 4.82 1748 0 0 0 0 401
CdSe 191.37 95.68 4.299 5.66 1512  0 0 0 0 316

# III-V Compounds
AlN 40.99 20.50 3.111 3.26 2500  0 0 0 0 823
GaN 83.73 41.87 3.190 6.10 1500  0 0 0 0 656
InN 128.83 64.42 3.533 6.88 1200 0 0 0 0 556

# Other Wurtzite Structure Compounds
SiC 40.10 20.1 3.076 0 0 0 0 0 0 490