# N   BG [ev]   BG0 [ev]                                EMob                          HMob
C     5.50e+00  0         0         0         0         1.89e+03  0         0         2.35e+03  0
Si    1.11e+00  1.17e+00 -2.80e+00 -1.41e+00  1.03e+00  1.44e+03  2.60e+00  5.60e-02  4.74e+02  2.30e+00
SiC   3.05e+00  0         0         0         0         9.00e+02  0         0         2.00e+01  0
Ge    6.64e-01  7.44e-01 -3.70e+00  5.10e+00  8.23e-02  3.80e+03  1.66e+00  4.38e-02  1.82e+03  2.33e+00
AlSb  1.60e+00  1.70e+00 -3.50e+00 -1.60e+00  9.00e-02  2.00e+02  1.50e+00  4.00e-01  5.00e+02  1.80e+00
GaP   2.27e+00  2.35e+00 -3.70e+00  1.05e+01  3.50e-01  3.00e+02  1.50e+00  5.030e-01  1.50e+02  1.50e+00
GaAs  1.44e+00  1.58e+00 -3.90e+00  1.13e+01  6.80e-02  9.00e+03  1.00e+00  5.00e-01  5.00e+02  2.10e+00
GaSb  7.00e-01  8.12e-01 -3.70e+00  1.45e+01  5.00e-02  5.00e+03  2.00e+00  2.30e-01  1.40e+03  9.00e-01
InP   1.34e+00  1.42e+00 -2.90e+00  9.10e+00  6.70e-02  5.00e+03  2.00e+00  0.00e+00  2.00e+02  2.40e+00
InAs  3.56e-01  4.18e-01 -3.40e+00  1.00e+01  2.20e-02  3.30e+04  1.20e+00  4.10e-01  4.60e+02  2.30e+00
InSb  1.80e-01  2.35e-01 -2.80e+00  1.57e+01  1.40e-02  7.80e+04  1.60e+00  4.00e-01  7.50e+02  2.10e+00
ZnO   3.20e+00  3.44e+00 -9.50e+00  6.00e-01  3.80e-01  1.80e+02  1.50e+00  0.00e+00  0.00e+00  0.00e+00
ZnS   3.80e+00  3.91e+00 -4.70e+00 -5.80e+00  0.00e+00  1.80e+02  0.00e+00  0.00e+00  5.00e+00  0.00e+00
ZnSe  2.71e+00  2.82e+00 -4.50e+00  7.00e-01  0.00e+00  5.40e+02  0.00e+00  0.00e+00  2.80e+01  0.00e+00
ZnTe  2.26e+00  2.39e+00 -5.20e+00  8.30e+00  0.00e+00  3.40e+02  0.00e+00  0.00e+00  1.00e+02  0.00e+00
CdS   2.48e+00  2.58e+00 -4.10e+00  4.50e+00  1.65e-01  4.00e+02  0.00e+00  0.00e+00  8.00e-01  0.00e+00
CdSe  1.75e+00  1.84e+00 -3.60e+00  5.00e+00  1.30e-01  6.50e+02  1.00e+00  6.00e-01  0.00e+00  0.00e+00
CdTe  1.43e+00  1.61e+00 -5.40e+00  8.00e+00  1.40e-01  1.20e+03  0.00e+00  3.50e-01  5.00e+01  0.00e+00
